n	value	freq	max_freq	sample


3	0	4	4	5
3	1	1	4	5

4	0	7	7	23
4	1	6	7	23
4	2	6	7	23
4	3	4	7	23

5	0	16	26	119
5	1	15	26	119
5	2	26	26	119
5	3	25	26	119
5	4	21	26	119
5	5	11	26	119
5	6	5	26	119

6	0	31	124	719
6	1	46	124	719
6	2	77	124	719
6	3	112	124	719
6	4	120	124	719
6	5	124	124	719
6	6	94	124	719
6	7	62	124	719
6	8	32	124	719
6	9	15	124	719
6	10	6	124	719

7	0	62	711	5037
7	1	116	711	5037
7	2	236	711	5037
7	3	386	711	5037
7	4	551	711	5037
7	5	676	711	5037
7	6	711	711	5037
7	7	673	711	5037
7	8	551	711	5037
7	9	425	711	5037
7	10	299	711	5037
7	11	186	711	5037
7	12	102	711	5037
7	13	47	711	5037
7	14	16	711	5037

8	0	128	4618	40319
8	1	283	4618	40319
8	2	645	4618	40319
8	3	1216	4618	40319
8	4	1960	4618	40319
8	5	2870	4618	40319
8	6	3683	4618	40319
8	7	4351	4618	40319
8	8	4618	4618	40319
8	9	4581	4618	40319
8	10	4216	4618	40319
8	11	3602	4618	40319
8	12	2824	4618	40319
8	13	2092	4618	40319
8	14	1435	4618	40319
8	15	887	4618	40319
8	16	501	4618	40319
8	17	261	4618	40319
8	18	117	4618	40319
8	19	40	4618	40319
8	20	9	4618	40319

9	0	253	35517	362877
9	1	680	35517	362877
9	2	1688	35517	362877
9	3	3533	35517	362877
9	4	6371	35517	362877
9	5	10523	35517	362877
9	6	15586	35517	362877
9	7	21403	35517	362877
9	8	27057	35517	362877
9	9	31539	35517	362877
9	10	34518	35517	362877
9	11	35517	35517	362877
9	12	34458	35517	362877
9	13	31743	35517	362877
9	14	27862	35517	362877
9	15	23230	35517	362877
9	16	18333	35517	362877
9	17	13760	35517	362877
9	18	9763	35517	362877
9	19	6489	35517	362877
9	20	4037	35517	362877
9	21	2338	35517	362877
9	22	1242	35517	362877
9	23	597	35517	362877
9	24	251	35517	362877
9	25	85	35517	362877
9	26	21	35517	362877

10	0	518	304402	3628797
10	1	1569	304402	3628797
10	2	4293	304402	3628797
10	3	9757	304402	3628797
10	4	19341	304402	3628797
10	5	34914	304402	3628797
10	6	57306	304402	3628797
10	7	87837	304402	3628797
10	8	124779	304402	3628797
10	9	165828	304402	3628797
10	10	207034	304402	3628797
10	11	244770	304402	3628797
10	12	275195	304402	3628797
10	13	295492	304402	3628797
10	14	304402	304402	3628797
10	15	300623	304402	3628797
10	16	284958	304402	3628797
10	17	259549	304402	3628797
10	18	227050	304402	3628797
10	19	190540	304402	3628797
10	20	153485	304402	3628797
10	21	118903	304402	3628797
10	22	88543	304402	3628797
10	23	63274	304402	3628797
10	24	43270	304402	3628797
10	25	28163	304402	3628797
10	26	17371	304402	3628797
10	27	10097	304402	3628797
10	28	5453	304402	3628797
10	29	2688	304402	3628797
10	30	1184	304402	3628797
10	31	448	304402	3628797
10	32	135	304402	3628797
10	33	28	304402	3628797

11	0	1046	2927659	39916797
11	1	3596	2927659	39916797
11	2	10530	2927659	39916797
11	3	25993	2927659	39916797
11	4	55494	2927659	39916797
11	5	108442	2927659	39916797
11	6	193474	2927659	39916797
11	7	322209	2927659	39916797
11	8	502783	2927659	39916797
11	9	737291	2927659	39916797
11	10	1023457	2927659	39916797
11	11	1347643	2927659	39916797
11	12	1693204	2927659	39916797
11	13	2036548	2927659	39916797
11	14	2354450	2927659	39916797
11	15	2620410	2927659	39916797
11	16	2813309	2927659	39916797
11	17	2918105	2927659	39916797
11	18	2927659	2927659	39916797
11	19	2842443	2927659	39916797
11	20	2674298	2927659	39916797
11	21	2440877	2927659	39916797
11	22	2162450	2927659	39916797
11	23	1860442	2927659	39916797
11	24	1555130	2927659	39916797
11	25	1262031	2927659	39916797
11	26	993130	2927659	39916797
11	27	757191	2927659	39916797
11	28	558628	2927659	39916797
11	29	398079	2927659	39916797
11	30	273409	2927659	39916797
11	31	180514	2927659	39916797
11	32	114252	2927659	39916797
11	33	69056	2927659	39916797
11	34	39599	2927659	39916797
11	35	21326	2927659	39916797
11	36	10646	2927659	39916797
11	37	4838	2927659	39916797
11	38	1943	2927659	39916797
11	39	661	2927659	39916797
11	40	178	2927659	39916797
11	41	33	2927659	39916797

12	0	2106	30958505	479001597
12	1	8112	30958505	479001597
12	2	25553	30958505	479001597
12	3	67185	30958505	479001597
12	4	153926	30958505	479001597
12	5	320883	30958505	479001597
12	6	613494	30958505	479001597
12	7	1095719	30958505	479001597
12	8	1838050	30958505	479001597
12	9	2913213	30958505	479001597
12	10	4383425	30958505	479001597
12	11	6286101	30958505	479001597
12	12	8618716	30958505	479001597
12	13	11343615	30958505	479001597
12	14	14374071	30958505	479001597
12	15	17580906	30958505	479001597
12	16	20800442	30958505	479001597
12	17	23851070	30958505	479001597
12	18	26542755	30958505	479001597
12	19	28707974	30958505	479001597
12	20	30208363	30958505	479001597
12	21	30958505	30958505	479001597
12	22	30924572	30958505	479001597
12	23	30127410	30958505	479001597
12	24	28644376	30958505	479001597
12	25	26590597	30958505	479001597
12	26	24105856	30958505	479001597
12	27	21344220	30958505	479001597
12	28	18460271	30958505	479001597
12	29	15595646	30958505	479001597
12	30	12867427	30958505	479001597
12	31	10364543	30958505	479001597
12	32	8148155	30958505	479001597
12	33	6249288	30958505	479001597
12	34	4671285	30958505	479001597
12	35	3398487	30958505	479001597
12	36	2402799	30958505	479001597
12	37	1648074	30958505	479001597
12	38	1094208	30958505	479001597
12	39	701068	30958505	479001597
12	40	431740	30958505	479001597
12	41	254403	30958505	479001597
12	42	142655	30958505	479001597
12	43	75525	30958505	479001597
12	44	37333	30958505	479001597
12	45	16980	30958505	479001597
12	46	6974	30958505	479001597
12	47	2523	30958505	479001597
12	48	775	30958505	479001597
12	49	190	30958505	479001597
12	50	33	30958505	479001597

13	0	4278	359423927	6227020790
13	1	18080	359423927	6227020790
13	2	60809	359423927	6227020790
13	3	169985	359423927	6227020790
13	4	413251	359423927	6227020790
13	5	913162	359423927	6227020790
13	6	1853372	359423927	6227020790
13	7	3514646	359423927	6227020790
13	8	6272874	359423927	6227020790
13	9	10598558	359423927	6227020790
13	10	17047404	359423927	6227020790
13	11	26197866	359423927	6227020790
13	12	38603207	359423927	6227020790
13	13	54709451	359423927	6227020790
13	14	74779540	359423927	6227020790
13	15	98816232	359423927	6227020790
13	16	126509849	359423927	6227020790
13	17	157226979	359423927	6227020790
13	18	189965652	359423927	6227020790
13	19	223474418	359423927	6227020790
13	20	256270376	359423927	6227020790
13	21	286793413	359423927	6227020790
13	22	313494879	359423927	6227020790
13	23	335009597	359423927	6227020790
13	24	350243010	359423927	6227020790
13	25	358484499	359423927	6227020790
13	26	359423927	359423927	6227020790
13	27	353202703	359423927	6227020790
13	28	340339332	359423927	6227020790
13	29	321696495	359423927	6227020790
13	30	298388715	359423927	6227020790
13	31	271657979	359423927	6227020790
13	32	242785655	359423927	6227020790
13	33	213015380	359423927	6227020790
13	34	183471977	359423927	6227020790
13	35	155104791	359423927	6227020790
13	36	128668443	359423927	6227020790
13	37	104709600	359423927	6227020790
13	38	83561386	359423927	6227020790
13	39	65361233	359423927	6227020790
13	40	50082151	359423927	6227020790
13	41	37566135	359423927	6227020790
13	42	27560706	359423927	6227020790
13	43	19756181	359423927	6227020790
13	44	13818281	359423927	6227020790
13	45	9414912	359423927	6227020790
13	46	6236035	359423927	6227020790
13	47	4005924	359423927	6227020790
13	48	2488680	359423927	6227020790
13	49	1489843	359423927	6227020790
13	50	855490	359423927	6227020790
13	51	468385	359423927	6227020790
13	52	242599	359423927	6227020790
13	53	117638	359423927	6227020790
13	54	52680	359423927	6227020790
13	55	21400	359423927	6227020790
13	56	7696	359423927	6227020790
13	57	2363	359423927	6227020790
13	58	584	359423927	6227020790
13	59	104	359423927	6227020790

