n	value	freq	max_freq	sample
1	0	1	1	1

2	0	1	1	1

3	0	1	1	3
3	1	1	1	3
3	2	1	1	3

4	1	3	4	12
4	2	4	4	12
4	3	4	4	12
4	4	1	4	12

5	0	3	18	60
5	1	1	18	60
5	2	8	18	60
5	3	13	18	60
5	4	18	18	60
5	5	11	18	60
5	6	5	18	60
5	7	1	18	60

6	1	3	82	360
6	2	6	82	360
6	3	33	82	360
6	4	48	82	360
6	5	82	82	360
6	6	76	82	360
6	7	58	82	360
6	8	32	82	360
6	9	15	82	360
6	10	6	82	360
6	11	1	82	360

7	1	3	409	2520
7	2	17	409	2520
7	3	50	409	2520
7	4	116	409	2520
7	5	216	409	2520
7	6	318	409	2520
7	7	406	409	2520
7	8	409	409	2520
7	9	361	409	2520
7	10	274	409	2520
7	11	182	409	2520
7	12	102	409	2520
7	13	47	409	2520
7	14	16	409	2520
7	15	3	409	2520

8	1	4	2774	20160
8	2	12	2774	20160
8	3	32	2774	20160
8	4	120	2774	20160
8	5	341	2774	20160
8	6	779	2774	20160
8	7	1433	2774	20160
8	8	2030	2774	20160
8	9	2553	2774	20160
8	10	2774	2774	20160
8	11	2709	2774	20160
8	12	2334	2774	20160
8	13	1872	2774	20160
8	14	1364	2774	20160
8	15	874	2774	20160
8	16	501	2774	20160
8	17	261	2774	20160
8	18	117	2774	20160
8	19	40	2774	20160
8	20	9	2774	20160
8	21	1	2774	20160

9	2	12	20398	181440
9	3	43	20398	181440
9	4	170	20398	181440
9	5	565	20398	181440
9	6	1488	20398	181440
9	7	3309	20398	181440
9	8	6092	20398	181440
9	9	9571	20398	181440
9	10	13303	20398	181440
9	11	16805	20398	181440
9	12	19233	20398	181440
9	13	20398	20398	181440
9	14	20025	20398	181440
9	15	18353	20398	181440
9	16	15633	20398	181440
9	17	12424	20398	181440
9	18	9193	20398	181440
9	19	6298	20398	181440
9	20	3993	20398	181440
9	21	2333	20398	181440
9	22	1242	20398	181440
9	23	597	20398	181440
9	24	251	20398	181440
9	25	85	20398	181440
9	26	21	20398	181440
9	27	3	20398	181440

10	3	12	177073	1814400
10	4	84	177073	1814400
10	5	398	177073	1814400
10	6	1422	177073	1814400
10	7	4231	177073	1814400
10	8	10416	177073	1814400
10	9	21969	177073	1814400
10	10	39453	177073	1814400
10	11	62662	177073	1814400
10	12	89697	177073	1814400
10	13	118028	177073	1814400
10	14	144017	177073	1814400
10	15	164078	177073	1814400
10	16	175541	177073	1814400
10	17	177073	177073	1814400
10	18	168804	177073	1814400
10	19	152162	177073	1814400
10	20	129962	177073	1814400
10	21	105616	177073	1814400
10	22	81700	177073	1814400
10	23	60091	177073	1814400
10	24	41968	177073	1814400
10	25	27730	177073	1814400
10	26	17265	177073	1814400
10	27	10082	177073	1814400
10	28	5453	177073	1814400
10	29	2688	177073	1814400
10	30	1184	177073	1814400
10	31	448	177073	1814400
10	32	135	177073	1814400
10	33	28	177073	1814400
10	34	3	177073	1814400

11	3	5	1667976	19958400
11	4	63	1667976	19958400
11	5	369	1667976	19958400
11	6	1566	1667976	19958400
11	7	5484	1667976	19958400
11	8	16261	1667976	19958400
11	9	40966	1667976	19958400
11	10	89189	1667976	19958400
11	11	170020	1667976	19958400
11	12	289046	1667976	19958400
11	13	448145	1667976	19958400
11	14	643524	1667976	19958400
11	15	863455	1667976	19958400
11	16	1090134	1667976	19958400
11	17	1303492	1667976	19958400
11	18	1483462	1667976	19958400
11	19	1609045	1667976	19958400
11	20	1667976	1667976	19958400
11	21	1656635	1667976	19958400
11	22	1578950	1667976	19958400
11	23	1446162	1667976	19958400
11	24	1275113	1667976	19958400
11	25	1082697	1667976	19958400
11	26	884802	1667976	19958400
11	27	695883	1667976	19958400
11	28	526549	1667976	19958400
11	29	382797	1667976	19958400
11	30	266876	1667976	19958400
11	31	178089	1667976	19958400
11	32	113528	1667976	19958400
11	33	68906	1667976	19958400
11	34	39583	1667976	19958400
11	35	21326	1667976	19958400
11	36	10646	1667976	19958400
11	37	4838	1667976	19958400
11	38	1943	1667976	19958400
11	39	661	1667976	19958400
11	40	178	1667976	19958400
11	41	33	1667976	19958400
11	42	3	1667976	19958400

12	4	18	17641182	239500800
12	5	112	17641182	239500800
12	6	599	17641182	239500800
12	7	2685	17641182	239500800
12	8	11111	17641182	239500800
12	9	38695	17641182	239500800
12	10	111717	17641182	239500800
12	11	274281	17641182	239500800
12	12	584456	17641182	239500800
12	13	1108129	17641182	239500800
12	14	1903221	17641182	239500800
12	15	3016528	17641182	239500800
12	16	4460317	17641182	239500800
12	17	6215824	17641182	239500800
12	18	8210552	17641182	239500800
12	19	10336082	17641182	239500800
12	20	12444766	17641182	239500800
12	21	14373754	17641182	239500800
12	22	15962117	17641182	239500800
12	23	17078445	17641182	239500800
12	24	17641182	17641182	239500800
12	25	17621729	17641182	239500800
12	26	17043688	17641182	239500800
12	27	15977748	17641182	239500800
12	28	14529622	17641182	239500800
12	29	12824448	17641182	239500800
12	30	10990104	17641182	239500800
12	31	9145915	17641182	239500800
12	32	7392510	17641182	239500800
12	33	5803255	17641182	239500800
12	34	4422118	17641182	239500800
12	35	3267884	17641182	239500800
12	36	2339241	17641182	239500800
12	37	1619783	17641182	239500800
12	38	1082994	17641182	239500800
12	39	697271	17641182	239500800
12	40	430715	17641182	239500800
12	41	254211	17641182	239500800
12	42	142637	17641182	239500800
12	43	75525	17641182	239500800
12	44	37333	17641182	239500800
12	45	16980	17641182	239500800
12	46	6974	17641182	239500800
12	47	2523	17641182	239500800
12	48	775	17641182	239500800
12	49	190	17641182	239500800
12	50	33	17641182	239500800
12	51	3	17641182	239500800

13	5	29	202373838	3113510400
13	6	242	202373838	3113510400
13	7	1784	202373838	3113510400
13	8	9164	202373838	3113510400
13	9	38419	202373838	3113510400
13	10	133501	202373838	3113510400
13	11	393364	202373838	3113510400
13	12	1000748	202373838	3113510400
13	13	2242580	202373838	3113510400
13	14	4502056	202373838	3113510400
13	15	8232425	202373838	3113510400
13	16	13919145	202373838	3113510400
13	17	22025719	202373838	3113510400
13	18	32896683	202373838	3113510400
13	19	46704278	202373838	3113510400
13	20	63345963	202373838	3113510400
13	21	82414894	202373838	3113510400
13	22	103170230	202373838	3113510400
13	23	124601332	202373838	3113510400
13	24	145500501	202373838	3113510400
13	25	164607111	202373838	3113510400
13	26	180712405	202373838	3113510400
13	27	192803411	202373838	3113510400
13	28	200146663	202373838	3113510400
13	29	202373838	202373838	3113510400
13	30	199497585	202373838	3113510400
13	31	191879518	202373838	3113510400
13	32	180165612	202373838	3113510400
13	33	165214049	202373838	3113510400
13	34	148011823	202373838	3113510400
13	35	129572035	202373838	3113510400
13	36	110850830	202373838	3113510400
13	37	92680422	202373838	3113510400
13	38	75720185	202373838	3113510400
13	39	60439392	202373838	3113510400
13	40	47118475	202373838	3113510400
13	41	35861486	202373838	3113510400
13	42	26628287	202373838	3113510400
13	43	19274016	202373838	3113510400
13	44	13584631	202373838	3113510400
13	45	9310184	202373838	3113510400
13	46	6193412	202373838	3113510400
13	47	3990574	202373838	3113510400
13	48	2483975	202373838	3113510400
13	49	1488692	202373838	3113510400
13	50	855291	202373838	3113510400
13	51	468367	202373838	3113510400
13	52	242599	202373838	3113510400
13	53	117638	202373838	3113510400
13	54	52680	202373838	3113510400
13	55	21400	202373838	3113510400
13	56	7696	202373838	3113510400
13	57	2363	202373838	3113510400
13	58	584	202373838	3113510400
13	59	104	202373838	3113510400
13	60	10	202373838	3113510400

