n	value	freq	max_freq	sample


3	0	24998221	24998221	24998221

4	0	13881182	41666668	91669973
4	1	36122123	41666668	91669973
4	2	41666668	41666668	91669973

5	0	7639351	45830392	75780428
5	1	22310685	45830392	75780428
5	2	45830392	45830392	75780428

6	0	2418166	34054708	99837713
6	1	9202300	34054708	99837713
6	2	34054708	34054708	99837713
6	3	32551256	34054708	99837713
6	4	15968845	34054708	99837713
6	5	5642438	34054708	99837713

7	0	1150620	29026621	96174240
7	1	4595792	29026621	96174240
7	2	20191552	29026621	96174240
7	3	29026621	29026621	96174240
7	4	25308068	29026621	96174240
7	5	15901587	29026621	96174240

8	0	353990	24896929	99996640
8	1	1632217	24896929	99996640
8	2	9203179	24896929	99996640
8	3	18115367	24896929	99996640
8	4	24896929	24896929	99996640
8	5	23957603	24896929	99996640
8	6	13468523	24896929	99996640
8	7	6065791	24896929	99996640
8	8	1917032	24896929	99996640
8	9	386009	24896929	99996640

9	0	160108	23049775	99460990
9	1	741283	23049775	99460990
9	2	4094480	23049775	99460990
9	3	10292036	23049775	99460990
9	4	18243714	23049775	99460990
9	5	23049775	23049775	99460990
9	6	20073800	23049775	99460990
9	7	12957266	23049775	99460990
9	8	7208963	23049775	99460990
9	9	2639565	23049775	99460990

10	0	44703	19497692	99999977
10	1	235945	19497692	99999977
10	2	1447842	19497692	99999977
10	3	4525205	19497692	99999977
10	4	10193509	19497692	99999977
10	5	16543251	19497692	99999977
10	6	19497692	19497692	99999977
10	7	17773585	19497692	99999977
10	8	13945299	19497692	99999977
10	9	8811903	19497692	99999977
10	10	4384406	19497692	99999977
10	11	1795972	19497692	99999977
10	12	647319	19497692	99999977
10	13	139324	19497692	99999977
10	14	14022	19497692	99999977

11	0	18839	17079082	99932949
11	1	100746	17079082	99932949
11	2	563548	17079082	99932949
11	3	1999786	17079082	99932949
11	4	5222388	17079082	99932949
11	5	10075029	17079082	99932949
11	6	14687745	17079082	99932949
11	7	17079082	17079082	99932949
11	8	16844667	17079082	99932949
11	9	13859013	17079082	99932949
11	10	9545067	17079082	99932949
11	11	5536644	17079082	99932949
11	12	2833683	17079082	99932949
11	13	1209119	17079082	99932949
11	14	357593	17079082	99932949

12	0	4933	15451624	99999620
12	1	29235	15451624	99999620
12	2	172429	15451624	99999620
12	3	702202	15451624	99999620
12	4	2148955	15451624	99999620
12	5	4930799	15451624	99999620
12	6	8691200	15451624	99999620
12	7	12392917	15451624	99999620
12	8	15018503	15451624	99999620
12	9	15451624	15451624	99999620
12	10	13650867	15451624	99999620
12	11	10491110	15451624	99999620
12	12	7318855	15451624	99999620
12	13	4585966	15451624	99999620
12	14	2503649	15451624	99999620
12	15	1188046	15451624	99999620
12	16	494020	15451624	99999620
12	17	169282	15451624	99999620
12	18	47261	15451624	99999620
12	19	7767	15451624	99999620

13	0	2012	14062389	99992490
13	1	11833	14062389	99992490
13	2	64326	14062389	99992490
13	3	268331	14062389	99992490
13	4	892123	14062389	99992490
13	5	2288505	14062389	99992490
13	6	4634939	14062389	99992490
13	7	7701139	14062389	99992490
13	8	10912665	14062389	99992490
13	9	13281877	14062389	99992490
13	10	14062389	14062389	99992490
13	11	13133968	14062389	99992490
13	12	11078491	14062389	99992490
13	13	8499447	14062389	99992490
13	14	5860145	14062389	99992490
13	15	3622179	14062389	99992490
13	16	2016552	14062389	99992490
13	17	1007931	14062389	99992490
13	18	446221	14062389	99992490
13	19	163131	14062389	99992490
13	20	44286	14062389	99992490

14	0	514	12441578	99999991
14	1	3126	12441578	99999991
14	2	17493	12441578	99999991
14	3	81151	12441578	99999991
14	4	301123	12441578	99999991
14	5	872154	12441578	99999991
14	6	2030092	12441578	99999991
14	7	3891839	12441578	99999991
14	8	6392607	12441578	99999991
14	9	9074056	12441578	99999991
14	10	11270843	12441578	99999991
14	11	12441578	12441578	99999991
14	12	12434263	12441578	99999991
14	13	11373381	12441578	99999991
14	14	9523928	12441578	99999991
14	15	7306422	12441578	99999991
14	16	5181956	12441578	99999991
14	17	3421711	12441578	99999991
14	18	2108581	12441578	99999991
14	19	1196422	12441578	99999991
14	20	617448	12441578	99999991
14	21	284853	12441578	99999991
14	22	117138	12441578	99999991
14	23	42413	12441578	99999991
14	24	11961	12441578	99999991
14	25	2630	12441578	99999991
14	26	308	12441578	99999991

15	0	203	11581761	99999184
15	1	1247	11581761	99999184
15	2	6552	11581761	99999184
15	3	28999	11581761	99999184
15	4	109470	11581761	99999184
15	5	341101	11581761	99999184
15	6	865686	11581761	99999184
15	7	1846594	11581761	99999184
15	8	3392714	11581761	99999184
15	9	5427826	11581761	99999184
15	10	7655772	11581761	99999184
15	11	9645988	11581761	99999184
15	12	11040089	11581761	99999184
15	13	11581761	11581761	99999184
15	14	11168725	11581761	99999184
15	15	9963820	11581761	99999184
15	16	8258533	11581761	99999184
15	17	6403224	11581761	99999184
15	18	4666409	11581761	99999184
15	19	3178234	11581761	99999184
15	20	2021554	11581761	99999184
15	21	1192208	11581761	99999184
15	22	646148	11581761	99999184
15	23	324739	11581761	99999184
15	24	147262	11581761	99999184
15	25	59323	11581761	99999184
15	26	19884	11581761	99999184
15	27	5119	11581761	99999184

16	0	46	10529024	99999982
16	1	303	10529024	99999982
16	2	1660	10529024	99999982
16	3	7977	10529024	99999982
16	4	32665	10529024	99999982
16	5	109608	10529024	99999982
16	6	308208	10529024	99999982
16	7	732435	10529024	99999982
16	8	1505603	10529024	99999982
16	9	2705784	10529024	99999982
16	10	4297673	10529024	99999982
16	11	6124586	10529024	99999982
16	12	7929736	10529024	99999982
16	13	9423413	10529024	99999982
16	14	10344529	10529024	99999982
16	15	10529024	10529024	99999982
16	16	10012309	10529024	99999982
16	17	8949343	10529024	99999982
16	18	7562120	10529024	99999982
16	19	6046375	10529024	99999982
16	20	4572673	10529024	99999982
16	21	3270296	10529024	99999982
16	22	2217291	10529024	99999982
16	23	1428719	10529024	99999982
16	24	875002	10529024	99999982
16	25	503318	10529024	99999982
16	26	272388	10529024	99999982
16	27	135795	10529024	99999982
16	28	62318	10529024	99999982
16	29	25620	10529024	99999982
16	30	9327	10529024	99999982
16	31	3001	10529024	99999982
16	32	710	10529024	99999982
16	33	127	10529024	99999982

17	0	12	9669500	99999916
17	1	134	9669500	99999916
17	2	632	9669500	99999916
17	3	2697	9669500	99999916
17	4	10948	9669500	99999916
17	5	38735	9669500	99999916
17	6	113411	9669500	99999916
17	7	289243	9669500	99999916
17	8	645303	9669500	99999916
17	9	1268092	9669500	99999916
17	10	2215140	9669500	99999916
17	11	3479048	9669500	99999916
17	12	4990830	9669500	99999916
17	13	6570668	9669500	99999916
17	14	8019506	9669500	99999916
17	15	9101372	9669500	99999916
17	16	9662362	9669500	99999916
17	17	9669500	9669500	99999916
17	18	9155007	9669500	99999916
17	19	8223617	9669500	99999916
17	20	7014870	9669500	99999916
17	21	5697239	9669500	99999916
17	22	4405703	9669500	99999916
17	23	3261056	9669500	99999916
17	24	2302405	9669500	99999916
17	25	1554798	9669500	99999916
17	26	995798	9669500	99999916
17	27	607071	9669500	99999916
17	28	348770	9669500	99999916
17	29	187577	9669500	99999916
17	30	94987	9669500	99999916
17	31	44426	9669500	99999916
17	32	18940	9669500	99999916
17	33	7144	9669500	99999916
17	34	2302	9669500	99999916
17	35	573	9669500	99999916

18	0	8	8913993	99999998
18	1	24	8913993	99999998
18	2	151	8913993	99999998
18	3	697	8913993	99999998
18	4	2878	8913993	99999998
18	5	10940	8913993	99999998
18	6	34637	8913993	99999998
18	7	96130	8913993	99999998
18	8	233327	8913993	99999998
18	9	502140	8913993	99999998
18	10	964449	8913993	99999998
18	11	1673989	8913993	99999998
18	12	2645843	8913993	99999998
18	13	3841380	8913993	99999998
18	14	5185815	8913993	99999998
18	15	6511395	8913993	99999998
18	16	7654716	8913993	99999998
18	17	8485613	8913993	99999998
18	18	8913993	8913993	99999998
18	19	8906805	8913993	99999998
18	20	8475210	8913993	99999998
18	21	7701108	8913993	99999998
18	22	6709714	8913993	99999998
18	23	5604822	8913993	99999998
18	24	4505594	8913993	99999998
18	25	3483439	8913993	99999998
18	26	2594497	8913993	99999998
18	27	1858119	8913993	99999998
18	28	1280122	8913993	99999998
18	29	848548	8913993	99999998
18	30	540425	8913993	99999998
18	31	329879	8913993	99999998
18	32	192754	8913993	99999998
18	33	106632	8913993	99999998
18	34	56325	8913993	99999998
18	35	27362	8913993	99999998
18	36	12634	8913993	99999998
18	37	5101	8913993	99999998
18	38	1969	8913993	99999998
18	39	612	8913993	99999998
18	40	166	8913993	99999998
18	41	36	8913993	99999998

19	1	10	8327269	99999989
19	2	58	8327269	99999989
19	3	249	8327269	99999989
19	4	981	8327269	99999989
19	5	3657	8327269	99999989
19	6	11724	8327269	99999989
19	7	33509	8327269	99999989
19	8	86164	8327269	99999989
19	9	197660	8327269	99999989
19	10	407886	8327269	99999989
19	11	763310	8327269	99999989
19	12	1302656	8327269	99999989
19	13	2055861	8327269	99999989
19	14	3012241	8327269	99999989
19	15	4115038	8327269	99999989
19	16	5281833	8327269	99999989
19	17	6387161	8327269	99999989
19	18	7327625	8327269	99999989
19	19	7992072	8327269	99999989
19	20	8327269	8327269	99999989
19	21	8295311	8327269	99999989
19	22	7924460	8327269	99999989
19	23	7276332	8327269	99999989
19	24	6439606	8327269	99999989
19	25	5496682	8327269	99999989
19	26	4531006	8327269	99999989
19	27	3607369	8327269	99999989
19	28	2774796	8327269	99999989
19	29	2065758	8327269	99999989
19	30	1482011	8327269	99999989
19	31	1029433	8327269	99999989
19	32	691768	8327269	99999989
19	33	444547	8327269	99999989
19	34	277676	8327269	99999989
19	35	164700	8327269	99999989
19	36	93639	8327269	99999989
19	37	50639	8327269	99999989
19	38	26073	8327269	99999989
19	39	12389	8327269	99999989
19	40	5439	8327269	99999989
19	41	2246	8327269	99999989
19	42	857	8327269	99999989
19	43	232	8327269	99999989
19	44	56	8327269	99999989

20	0	1	7717224	99999999
20	1	1	7717224	99999999
20	2	18	7717224	99999999
20	3	60	7717224	99999999
20	4	263	7717224	99999999
20	5	1018	7717224	99999999
20	6	3151	7717224	99999999
20	7	9791	7717224	99999999
20	8	27099	7717224	99999999
20	9	65861	7717224	99999999
20	10	147163	7717224	99999999
20	11	296874	7717224	99999999
20	12	551494	7717224	99999999
20	13	944772	7717224	99999999
20	14	1498903	7717224	99999999
20	15	2222419	7717224	99999999
20	16	3094898	7717224	99999999
20	17	4076800	7717224	99999999
20	18	5072891	7717224	99999999
20	19	6020999	7717224	99999999
20	20	6818259	7717224	99999999
20	21	7395587	7717224	99999999
20	22	7699496	7717224	99999999
20	23	7717224	7717224	99999999
20	24	7463749	7717224	99999999
20	25	6973187	7717224	99999999
20	26	6300634	7717224	99999999
20	27	5521574	7717224	99999999
20	28	4694971	7717224	99999999
20	29	3868782	7717224	99999999
20	30	3098604	7717224	99999999
20	31	2414828	7717224	99999999
20	32	1828296	7717224	99999999
20	33	1345542	7717224	99999999
20	34	962731	7717224	99999999
20	35	668360	7717224	99999999
20	36	450299	7717224	99999999
20	37	295170	7717224	99999999
20	38	187006	7717224	99999999
20	39	114185	7717224	99999999
20	40	67848	7717224	99999999
20	41	38233	7717224	99999999
20	42	20847	7717224	99999999
20	43	10889	7717224	99999999
20	44	5304	7717224	99999999
20	45	2278	7717224	99999999
20	46	1050	7717224	99999999
20	47	400	7717224	99999999
20	48	128	7717224	99999999
20	49	43	7717224	99999999
20	50	17	7717224	99999999
20	51	2	7717224	99999999

21	2	6	7251978	99999999
21	3	19	7251978	99999999
21	4	85	7251978	99999999
21	5	307	7251978	99999999
21	6	996	7251978	99999999
21	7	3168	7251978	99999999
21	8	9127	7251978	99999999
21	9	22705	7251978	99999999
21	10	53718	7251978	99999999
21	11	114955	7251978	99999999
21	12	226487	7251978	99999999
21	13	413414	7251978	99999999
21	14	701335	7251978	99999999
21	15	1115589	7251978	99999999
21	16	1666991	7251978	99999999
21	17	2353249	7251978	99999999
21	18	3147678	7251978	99999999
21	19	4011669	7251978	99999999
21	20	4892832	7251978	99999999
21	21	5710791	7251978	99999999
21	22	6401105	7251978	99999999
21	23	6906331	7251978	99999999
21	24	7196254	7251978	99999999
21	25	7251978	7251978	99999999
21	26	7075060	7251978	99999999
21	27	6696649	7251978	99999999
21	28	6151967	7251978	99999999
21	29	5499641	7251978	99999999
21	30	4776730	7251978	99999999
21	31	4039494	7251978	99999999
21	32	3333064	7251978	99999999
21	33	2681006	7251978	99999999
21	34	2100846	7251978	99999999
21	35	1604106	7251978	99999999
21	36	1195684	7251978	99999999
21	37	868398	7251978	99999999
21	38	612521	7251978	99999999
21	39	422017	7251978	99999999
21	40	281889	7251978	99999999
21	41	184230	7251978	99999999
21	42	115155	7251978	99999999
21	43	70603	7251978	99999999
21	44	41563	7251978	99999999
21	45	23504	7251978	99999999
21	46	12668	7251978	99999999
21	47	6637	7251978	99999999
21	48	3213	7251978	99999999
21	49	1472	7251978	99999999
21	50	700	7251978	99999999
21	51	281	7251978	99999999
21	52	83	7251978	99999999
21	53	25	7251978	99999999
21	54	4	7251978	99999999

22	2	1	6774114	99999998
22	3	3	6774114	99999998
22	4	17	6774114	99999998
22	5	71	6774114	99999998
22	6	262	6774114	99999998
22	7	856	6774114	99999998
22	8	2491	6774114	99999998
22	9	6808	6774114	99999998
22	10	17003	6774114	99999998
22	11	38051	6774114	99999998
22	12	80237	6774114	99999998
22	13	156873	6774114	99999998
22	14	286082	6774114	99999998
22	15	485110	6774114	99999998
22	16	779453	6774114	99999998
22	17	1177278	6774114	99999998
22	18	1687678	6774114	99999998
22	19	2308100	6774114	99999998
22	20	3014922	6774114	99999998
22	21	3777275	6774114	99999998
22	22	4543511	6774114	99999998
22	23	5258681	6774114	99999998
22	24	5882554	6774114	99999998
22	25	6356993	6774114	99999998
22	26	6668226	6774114	99999998
22	27	6774114	6774114	99999998
22	28	6703556	6774114	99999998
22	29	6441630	6774114	99999998
22	30	6042382	6774114	99999998
22	31	5522028	6774114	99999998
22	32	4922588	6774114	99999998
22	33	4290808	6774114	99999998
22	34	3652998	6774114	99999998
22	35	3048078	6774114	99999998
22	36	2480789	6774114	99999998
22	37	1975582	6774114	99999998
22	38	1540156	6774114	99999998
22	39	1172862	6774114	99999998
22	40	877641	6774114	99999998
22	41	641484	6774114	99999998
22	42	459128	6774114	99999998
22	43	320742	6774114	99999998
22	44	218984	6774114	99999998
22	45	145340	6774114	99999998
22	46	94863	6774114	99999998
22	47	59746	6774114	99999998
22	48	36668	6774114	99999998
22	49	22063	6774114	99999998
22	50	12741	6774114	99999998
22	51	7064	6774114	99999998
22	52	3791	6774114	99999998
22	53	1979	6774114	99999998
22	54	963	6774114	99999998
22	55	399	6774114	99999998
22	56	193	6774114	99999998
22	57	69	6774114	99999998
22	58	25	6774114	99999998
22	59	8	6774114	99999998

23	4	7	6372183	99999997
23	5	36	6372183	99999997
23	6	72	6372183	99999997
23	7	265	6372183	99999997
23	8	818	6372183	99999997
23	9	2140	6372183	99999997
23	10	5444	6372183	99999997
23	11	13304	6372183	99999997
23	12	28943	6372183	99999997
23	13	59697	6372183	99999997
23	14	113118	6372183	99999997
23	15	203802	6372183	99999997
23	16	345529	6372183	99999997
23	17	554133	6372183	99999997
23	18	844251	6372183	99999997
23	19	1227221	6372183	99999997
23	20	1704553	6372183	99999997
23	21	2266728	6372183	99999997
23	22	2894829	6372183	99999997
23	23	3569725	6372183	99999997
23	24	4246184	6372183	99999997
23	25	4881701	6372183	99999997
23	26	5450506	6372183	99999997
23	27	5901427	6372183	99999997
23	28	6216371	6372183	99999997
23	29	6372183	6372183	99999997
23	30	6362796	6372183	99999997
23	31	6201390	6372183	99999997
23	32	5898317	6372183	99999997
23	33	5491795	6372183	99999997
23	34	5002267	6372183	99999997
23	35	4456983	6372183	99999997
23	36	3888410	6372183	99999997
23	37	3321697	6372183	99999997
23	38	2783744	6372183	99999997
23	39	2288451	6372183	99999997
23	40	1841803	6372183	99999997
23	41	1455248	6372183	99999997
23	42	1127612	6372183	99999997
23	43	856983	6372183	99999997
23	44	638577	6372183	99999997
23	45	465262	6372183	99999997
23	46	333353	6372183	99999997
23	47	233711	6372183	99999997
23	48	160189	6372183	99999997
23	49	107836	6372183	99999997
23	50	70285	6372183	99999997
23	51	44530	6372183	99999997
23	52	27704	6372183	99999997
23	53	16562	6372183	99999997
23	54	9605	6372183	99999997
23	55	5568	6372183	99999997
23	56	3145	6372183	99999997
23	57	1667	6372183	99999997
23	58	855	6372183	99999997
23	59	394	6372183	99999997
23	60	165	6372183	99999997
23	61	68	6372183	99999997
23	62	32	6372183	99999997
23	63	6	6372183	99999997

24	2	1	5995099	99999998
24	3	0	5995099	99999998
24	4	1	5995099	99999998
24	5	7	5995099	99999998
24	6	14	5995099	99999998
24	7	78	5995099	99999998
24	8	180	5995099	99999998
24	9	602	5995099	99999998
24	10	1600	5995099	99999998
24	11	3807	5995099	99999998
24	12	8907	5995099	99999998
24	13	19109	5995099	99999998
24	14	39415	5995099	99999998
24	15	75230	5995099	99999998
24	16	134835	5995099	99999998
24	17	228972	5995099	99999998
24	18	370400	5995099	99999998
24	19	570180	5995099	99999998
24	20	839964	5995099	99999998
24	21	1190122	5995099	99999998
24	22	1615853	5995099	99999998
24	23	2111739	5995099	99999998
24	24	2663645	5995099	99999998
24	25	3252803	5995099	99999998
24	26	3851905	5995099	99999998
24	27	4432148	5995099	99999998
24	28	4955421	5995099	99999998
24	29	5392487	5995099	99999998
24	30	5717912	5995099	99999998
24	31	5922813	5995099	99999998
24	32	5995099	5995099	99999998
24	33	5932628	5995099	99999998
24	34	5744333	5995099	99999998
24	35	5460887	5995099	99999998
24	36	5077684	5995099	99999998
24	37	4631495	5995099	99999998
24	38	4153704	5995099	99999998
24	39	3644766	5995099	99999998
24	40	3150795	5995099	99999998
24	41	2671908	5995099	99999998
24	42	2228638	5995099	99999998
24	43	1830325	5995099	99999998
24	44	1472934	5995099	99999998
24	45	1167784	5995099	99999998
24	46	910946	5995099	99999998
24	47	698564	5995099	99999998
24	48	526290	5995099	99999998
24	49	389395	5995099	99999998
24	50	283594	5995099	99999998
24	51	203456	5995099	99999998
24	52	142898	5995099	99999998
24	53	98316	5995099	99999998
24	54	66614	5995099	99999998
24	55	43733	5995099	99999998
24	56	28413	5995099	99999998
24	57	17772	5995099	99999998
24	58	11343	5995099	99999998
24	59	6858	5995099	99999998
24	60	3991	5995099	99999998
24	61	2168	5995099	99999998
24	62	1260	5995099	99999998
24	63	637	5995099	99999998
24	64	326	5995099	99999998
24	65	164	5995099	99999998
24	66	73	5995099	99999998
24	67	39	5995099	99999998
24	68	11	5995099	99999998
24	69	7	5995099	99999998

25	5	1	5664600	99999999
25	6	7	5664600	99999999
25	7	14	5664600	99999999
25	8	55	5664600	99999999
25	9	185	5664600	99999999
25	10	502	5664600	99999999
25	11	1201	5664600	99999999
25	12	2816	5664600	99999999
25	13	6507	5664600	99999999
25	14	13643	5664600	99999999
25	15	27265	5664600	99999999
25	16	51198	5664600	99999999
25	17	92346	5664600	99999999
25	18	156802	5664600	99999999
25	19	253738	5664600	99999999
25	20	392492	5664600	99999999
25	21	586172	5664600	99999999
25	22	836542	5664600	99999999
25	23	1152353	5664600	99999999
25	24	1534253	5664600	99999999
25	25	1978266	5664600	99999999
25	26	2467672	5664600	99999999
25	27	2992758	5664600	99999999
25	28	3530596	5664600	99999999
25	29	4053255	5664600	99999999
25	30	4531064	5664600	99999999
25	31	4954199	5664600	99999999
25	32	5289857	5664600	99999999
25	33	5525666	5664600	99999999
25	34	5654215	5664600	99999999
25	35	5664600	5664600	99999999
25	36	5563869	5664600	99999999
25	37	5364034	5664600	99999999
25	38	5085052	5664600	99999999
25	39	4729062	5664600	99999999
25	40	4320346	5664600	99999999
25	41	3881551	5664600	99999999
25	42	3438102	5664600	99999999
25	43	2991679	5664600	99999999
25	44	2556564	5664600	99999999
25	45	2158964	5664600	99999999
25	46	1793001	5664600	99999999
25	47	1465889	5664600	99999999
25	48	1178906	5664600	99999999
25	49	934028	5664600	99999999
25	50	729771	5664600	99999999
25	51	561074	5664600	99999999
25	52	423696	5664600	99999999
25	53	314584	5664600	99999999
25	54	232140	5664600	99999999
25	55	167492	5664600	99999999
25	56	118399	5664600	99999999
25	57	82078	5664600	99999999
25	58	56031	5664600	99999999
25	59	37697	5664600	99999999
25	60	24832	5664600	99999999
25	61	16087	5664600	99999999
25	62	10090	5664600	99999999
25	63	6179	5664600	99999999
25	64	3734	5664600	99999999
25	65	2231	5664600	99999999
25	66	1267	5664600	99999999
25	67	676	5664600	99999999
25	68	355	5664600	99999999
25	69	159	5664600	99999999
25	70	75	5664600	99999999
25	71	46	5664600	99999999
25	72	14	5664600	99999999
25	73	5	5664600	99999999
25	74	0	5664600	99999999

26	6	2	5348194	99999999
26	7	10	5348194	99999999
26	8	12	5348194	99999999
26	9	39	5348194	99999999
26	10	133	5348194	99999999
26	11	339	5348194	99999999
26	12	844	5348194	99999999
26	13	1880	5348194	99999999
26	14	4075	5348194	99999999
26	15	8686	5348194	99999999
26	16	17251	5348194	99999999
26	17	32437	5348194	99999999
26	18	58223	5348194	99999999
26	19	98975	5348194	99999999
26	20	162283	5348194	99999999
26	21	254106	5348194	99999999
26	22	382537	5348194	99999999
26	23	555070	5348194	99999999
26	24	781000	5348194	99999999
26	25	1060390	5348194	99999999
26	26	1387083	5348194	99999999
26	27	1775317	5348194	99999999
26	28	2204034	5348194	99999999
26	29	2665382	5348194	99999999
26	30	3140853	5348194	99999999
26	31	3613136	5348194	99999999
26	32	4066119	5348194	99999999
26	33	4468744	5348194	99999999
26	34	4812445	5348194	99999999
26	35	5081400	5348194	99999999
26	36	5262454	5348194	99999999
26	37	5348194	5348194	99999999
26	38	5336202	5348194	99999999
26	39	5233740	5348194	99999999
26	40	5046156	5348194	99999999
26	41	4791977	5348194	99999999
26	42	4471260	5348194	99999999
26	43	4114483	5348194	99999999
26	44	3733223	5348194	99999999
26	45	3330271	5348194	99999999
26	46	2931480	5348194	99999999
26	47	2547036	5348194	99999999
26	48	2177831	5348194	99999999
26	49	1837037	5348194	99999999
26	50	1530727	5348194	99999999
26	51	1257245	5348194	99999999
26	52	1019991	5348194	99999999
26	53	815992	5348194	99999999
26	54	643074	5348194	99999999
26	55	502037	5348194	99999999
26	56	385815	5348194	99999999
26	57	292104	5348194	99999999
26	58	217555	5348194	99999999
26	59	160339	5348194	99999999
26	60	117117	5348194	99999999
26	61	83910	5348194	99999999
26	62	58517	5348194	99999999
26	63	41008	5348194	99999999
26	64	28163	5348194	99999999
26	65	18796	5348194	99999999
26	66	12467	5348194	99999999
26	67	8080	5348194	99999999
26	68	5144	5348194	99999999
26	69	3163	5348194	99999999
26	70	1994	5348194	99999999
26	71	1121	5348194	99999999
26	72	688	5348194	99999999
26	73	387	5348194	99999999
26	74	217	5348194	99999999
26	75	108	5348194	99999999
26	76	50	5348194	99999999
26	77	22	5348194	99999999
26	78	13	5348194	99999999
26	79	3	5348194	99999999
26	80	0	5348194	99999999
26	81	3	5348194	99999999

27	8	5	5084146	99999999
27	9	17	5084146	99999999
27	10	27	5084146	99999999
27	11	87	5084146	99999999
27	12	275	5084146	99999999
27	13	616	5084146	99999999
27	14	1383	5084146	99999999
27	15	2822	5084146	99999999
27	16	5838	5084146	99999999
27	17	11526	5084146	99999999
27	18	21421	5084146	99999999
27	19	38042	5084146	99999999
27	20	65303	5084146	99999999
27	21	107494	5084146	99999999
27	22	168146	5084146	99999999
27	23	254924	5084146	99999999
27	24	373952	5084146	99999999
27	25	531117	5084146	99999999
27	26	731562	5084146	99999999
27	27	976787	5084146	99999999
27	28	1274312	5084146	99999999
27	29	1611215	5084146	99999999
27	30	1987156	5084146	99999999
27	31	2392021	5084146	99999999
27	32	2819880	5084146	99999999
27	33	3249080	5084146	99999999
27	34	3657617	5084146	99999999
27	35	4052663	5084146	99999999
27	36	4391997	5084146	99999999
27	37	4679590	5084146	99999999
27	38	4891814	5084146	99999999
27	39	5026691	5084146	99999999
27	40	5084146	5084146	99999999
27	41	5057076	5084146	99999999
27	42	4949782	5084146	99999999
27	43	4779406	5084146	99999999
27	44	4539746	5084146	99999999
27	45	4259794	5084146	99999999
27	46	3936878	5084146	99999999
27	47	3587560	5084146	99999999
27	48	3227911	5084146	99999999
27	49	2865492	5084146	99999999
27	50	2514090	5084146	99999999
27	51	2175017	5084146	99999999
27	52	1858523	5084146	99999999
27	53	1567562	5084146	99999999
27	54	1307240	5084146	99999999
27	55	1079461	5084146	99999999
27	56	877075	5084146	99999999
27	57	704294	5084146	99999999
27	58	560917	5084146	99999999
27	59	438555	5084146	99999999
27	60	339346	5084146	99999999
27	61	260516	5084146	99999999
27	62	196285	5084146	99999999
27	63	145853	5084146	99999999
27	64	107520	5084146	99999999
27	65	77616	5084146	99999999
27	66	56094	5084146	99999999
27	67	39202	5084146	99999999
27	68	27330	5084146	99999999
27	69	18861	5084146	99999999
27	70	12505	5084146	99999999
27	71	8485	5084146	99999999
27	72	5502	5084146	99999999
27	73	3597	5084146	99999999
27	74	2246	5084146	99999999
27	75	1318	5084146	99999999
27	76	767	5084146	99999999
27	77	494	5084146	99999999
27	78	258	5084146	99999999
27	79	141	5084146	99999999
27	80	75	5084146	99999999
27	81	45	5084146	99999999
27	82	20	5084146	99999999
27	83	11	5084146	99999999
27	84	2	5084146	99999999
27	85	5	5084146	99999999
27	86	0	5084146	99999999

28	8	1	4815876	99999996
28	9	5	4815876	99999996
28	10	7	4815876	99999996
28	11	25	4815876	99999996
28	12	68	4815876	99999996
28	13	140	4815876	99999996
28	14	382	4815876	99999996
28	15	819	4815876	99999996
28	16	1735	4815876	99999996
28	17	3548	4815876	99999996
28	18	6992	4815876	99999996
28	19	13162	4815876	99999996
28	20	23174	4815876	99999996
28	21	39658	4815876	99999996
28	22	65077	4815876	99999996
28	23	104312	4815876	99999996
28	24	159257	4815876	99999996
28	25	236990	4815876	99999996
28	26	340843	4815876	99999996
28	27	478282	4815876	99999996
28	28	651548	4815876	99999996
28	29	863900	4815876	99999996
28	30	1113462	4815876	99999996
28	31	1403633	4815876	99999996
28	32	1731235	4815876	99999996
28	33	2082927	4815876	99999996
28	34	2463308	4815876	99999996
28	35	2849241	4815876	99999996
28	36	3231250	4815876	99999996
28	37	3598818	4815876	99999996
28	38	3933161	4815876	99999996
28	39	4229223	4815876	99999996
28	40	4470128	4815876	99999996
28	41	4653717	4815876	99999996
28	42	4767544	4815876	99999996
28	43	4815876	4815876	99999996
28	44	4788106	4815876	99999996
28	45	4703359	4815876	99999996
28	46	4550737	4815876	99999996
28	47	4347080	4815876	99999996
28	48	4106799	4815876	99999996
28	49	3822385	4815876	99999996
28	50	3514935	4815876	99999996
28	51	3196404	4815876	99999996
28	52	2870189	4815876	99999996
28	53	2549002	4815876	99999996
28	54	2236776	4815876	99999996
28	55	1943426	4815876	99999996
28	56	1670626	4815876	99999996
28	57	1415511	4815876	99999996
28	58	1188903	4815876	99999996
28	59	988641	4815876	99999996
28	60	810856	4815876	99999996
28	61	659831	4815876	99999996
28	62	530493	4815876	99999996
28	63	422423	4815876	99999996
28	64	331805	4815876	99999996
28	65	258166	4815876	99999996
28	66	198721	4815876	99999996
28	67	151220	4815876	99999996
28	68	114546	4815876	99999996
28	69	84124	4815876	99999996
28	70	61913	4815876	99999996
28	71	45451	4815876	99999996
28	72	32333	4815876	99999996
28	73	23147	4815876	99999996
28	74	15960	4815876	99999996
28	75	11026	4815876	99999996
28	76	7478	4815876	99999996
28	77	5164	4815876	99999996
28	78	3311	4815876	99999996
28	79	2182	4815876	99999996
28	80	1352	4815876	99999996
28	81	889	4815876	99999996
28	82	552	4815876	99999996
28	83	332	4815876	99999996
28	84	191	4815876	99999996
28	85	94	4815876	99999996
28	86	49	4815876	99999996
28	87	34	4815876	99999996
28	88	14	4815876	99999996
28	89	7	4815876	99999996
28	90	5	4815876	99999996

29	9	2	4590801	99999997
29	10	3	4590801	99999997
29	11	6	4590801	99999997
29	12	20	4590801	99999997
29	13	39	4590801	99999997
29	14	132	4590801	99999997
29	15	254	4590801	99999997
29	16	526	4590801	99999997
29	17	1188	4590801	99999997
29	18	2277	4590801	99999997
29	19	4411	4590801	99999997
29	20	8244	4590801	99999997
29	21	14576	4590801	99999997
29	22	25169	4590801	99999997
29	23	41394	4590801	99999997
29	24	65617	4590801	99999997
29	25	101812	4590801	99999997
29	26	153169	4590801	99999997
29	27	222997	4590801	99999997
29	28	315216	4590801	99999997
29	29	435804	4590801	99999997
29	30	585321	4590801	99999997
29	31	770117	4590801	99999997
29	32	986519	4590801	99999997
29	33	1237560	4590801	99999997
29	34	1525830	4590801	99999997
29	35	1830204	4590801	99999997
29	36	2167170	4590801	99999997
29	37	2510424	4590801	99999997
29	38	2860962	4590801	99999997
29	39	3205150	4590801	99999997
29	40	3525978	4590801	99999997
29	41	3825461	4590801	99999997
29	42	4080936	4590801	99999997
29	43	4289387	4590801	99999997
29	44	4449028	4590801	99999997
29	45	4549604	4590801	99999997
29	46	4590801	4590801	99999997
29	47	4565791	4590801	99999997
29	48	4492712	4590801	99999997
29	49	4361373	4590801	99999997
29	50	4182232	4590801	99999997
29	51	3961054	4590801	99999997
29	52	3711720	4590801	99999997
29	53	3441745	4590801	99999997
29	54	3154712	4590801	99999997
29	55	2861895	4590801	99999997
29	56	2564415	4590801	99999997
29	57	2276327	4590801	99999997
29	58	1997814	4590801	99999997
29	59	1738399	4590801	99999997
29	60	1496927	4590801	99999997
29	61	1275094	4590801	99999997
29	62	1074240	4590801	99999997
29	63	897838	4590801	99999997
29	64	742879	4590801	99999997
29	65	608754	4590801	99999997
29	66	491576	4590801	99999997
29	67	395670	4590801	99999997
29	68	314299	4590801	99999997
29	69	246645	4590801	99999997
29	70	192056	4590801	99999997
29	71	148432	4590801	99999997
29	72	112769	4590801	99999997
29	73	84836	4590801	99999997
29	74	63087	4590801	99999997
29	75	46889	4590801	99999997
29	76	34144	4590801	99999997
29	77	24512	4590801	99999997
29	78	17494	4590801	99999997
29	79	12407	4590801	99999997
29	80	8601	4590801	99999997
29	81	5932	4590801	99999997
29	82	3987	4590801	99999997
29	83	2708	4590801	99999997
29	84	1755	4590801	99999997
29	85	1083	4590801	99999997
29	86	755	4590801	99999997
29	87	434	4590801	99999997
29	88	283	4590801	99999997
29	89	176	4590801	99999997
29	90	115	4590801	99999997
29	91	74	4590801	99999997
29	92	23	4590801	99999997
29	93	16	4590801	99999997
29	94	8	4590801	99999997
29	95	2	4590801	99999997
29	96	0	4590801	99999997

30	8	1	4359259	99999995
30	9	0	4359259	99999995
30	10	1	4359259	99999995
30	11	3	4359259	99999995
30	12	2	4359259	99999995
30	13	13	4359259	99999995
30	14	34	4359259	99999995
30	15	90	4359259	99999995
30	16	150	4359259	99999995
30	17	343	4359259	99999995
30	18	651	4359259	99999995
30	19	1334	4359259	99999995
30	20	2593	4359259	99999995
30	21	4875	4359259	99999995
30	22	8478	4359259	99999995
30	23	14457	4359259	99999995
30	24	24480	4359259	99999995
30	25	38830	4359259	99999995
30	26	60971	4359259	99999995
30	27	92387	4359259	99999995
30	28	137150	4359259	99999995
30	29	197629	4359259	99999995
30	30	275765	4359259	99999995
30	31	377197	4359259	99999995
30	32	503142	4359259	99999995
30	33	657037	4359259	99999995
30	34	839721	4359259	99999995
30	35	1054502	4359259	99999995
30	36	1296760	4359259	99999995
30	37	1563672	4359259	99999995
30	38	1852610	4359259	99999995
30	39	2156115	4359259	99999995
30	40	2472391	4359259	99999995
30	41	2787349	4359259	99999995
30	42	3094897	4359259	99999995
30	43	3385058	4359259	99999995
30	44	3651006	4359259	99999995
30	45	3879806	4359259	99999995
30	46	4069946	4359259	99999995
30	47	4218854	4359259	99999995
30	48	4319333	4359259	99999995
30	49	4359259	4359259	99999995
30	50	4349044	4359259	99999995
30	51	4296410	4359259	99999995
30	52	4190733	4359259	99999995
30	53	4043913	4359259	99999995
30	54	3863854	4359259	99999995
30	55	3650013	4359259	99999995
30	56	3411280	4359259	99999995
30	57	3157039	4359259	99999995
30	58	2894463	4359259	99999995
30	59	2629553	4359259	99999995
30	60	2362383	4359259	99999995
30	61	2106371	4359259	99999995
30	62	1857087	4359259	99999995
30	63	1620613	4359259	99999995
30	64	1405061	4359259	99999995
30	65	1206661	4359259	99999995
30	66	1029038	4359259	99999995
30	67	865298	4359259	99999995
30	68	722658	4359259	99999995
30	69	599328	4359259	99999995
30	70	491896	4359259	99999995
30	71	399968	4359259	99999995
30	72	323154	4359259	99999995
30	73	258175	4359259	99999995
30	74	205236	4359259	99999995
30	75	160495	4359259	99999995
30	76	124843	4359259	99999995
30	77	96787	4359259	99999995
30	78	73130	4359259	99999995
30	79	55870	4359259	99999995
30	80	41711	4359259	99999995
30	81	30652	4359259	99999995
30	82	22787	4359259	99999995
30	83	16661	4359259	99999995
30	84	11826	4359259	99999995
30	85	8403	4359259	99999995
30	86	6050	4359259	99999995
30	87	4185	4359259	99999995
30	88	2928	4359259	99999995
30	89	1947	4359259	99999995
30	90	1330	4359259	99999995
30	91	859	4359259	99999995
30	92	537	4359259	99999995
30	93	349	4359259	99999995
30	94	196	4359259	99999995
30	95	118	4359259	99999995
30	96	106	4359259	99999995
30	97	54	4359259	99999995
30	98	23	4359259	99999995
30	99	16	4359259	99999995
30	100	4	4359259	99999995
30	101	7	4359259	99999995

31	12	4	4164020	99999999
31	13	3	4164020	99999999
31	14	8	4164020	99999999
31	15	25	4164020	99999999
31	16	46	4164020	99999999
31	17	97	4164020	99999999
31	18	216	4164020	99999999
31	19	402	4164020	99999999
31	20	824	4164020	99999999
31	21	1570	4164020	99999999
31	22	2837	4164020	99999999
31	23	5204	4164020	99999999
31	24	8946	4164020	99999999
31	25	14814	4164020	99999999
31	26	24118	4164020	99999999
31	27	37307	4164020	99999999
31	28	56902	4164020	99999999
31	29	85406	4164020	99999999
31	30	123981	4164020	99999999
31	31	176057	4164020	99999999
31	32	243779	4164020	99999999
31	33	329533	4164020	99999999
31	34	437258	4164020	99999999
31	35	568323	4164020	99999999
31	36	724587	4164020	99999999
31	37	905019	4164020	99999999
31	38	1111435	4164020	99999999
31	39	1344308	4164020	99999999
31	40	1594284	4164020	99999999
31	41	1863795	4164020	99999999
31	42	2145210	4164020	99999999
31	43	2432272	4164020	99999999
31	44	2721340	4164020	99999999
31	45	2997822	4164020	99999999
31	46	3263357	4164020	99999999
31	47	3502768	4164020	99999999
31	48	3710928	4164020	99999999
31	49	3887063	4164020	99999999
31	50	4022680	4164020	99999999
31	51	4115463	4164020	99999999
31	52	4162475	4164020	99999999
31	53	4164020	4164020	99999999
31	54	4121199	4164020	99999999
31	55	4039232	4164020	99999999
31	56	3918592	4164020	99999999
31	57	3763234	4164020	99999999
31	58	3580497	4164020	99999999
31	59	3370725	4164020	99999999
31	60	3147183	4164020	99999999
31	61	2909825	4164020	99999999
31	62	2668662	4164020	99999999
31	63	2420564	4164020	99999999
31	64	2181811	4164020	99999999
31	65	1946897	4164020	99999999
31	66	1724198	4164020	99999999
31	67	1515323	4164020	99999999
31	68	1317579	4164020	99999999
31	69	1135436	4164020	99999999
31	70	971189	4164020	99999999
31	71	825638	4164020	99999999
31	72	694640	4164020	99999999
31	73	580806	4164020	99999999
31	74	481343	4164020	99999999
31	75	394738	4164020	99999999
31	76	322669	4164020	99999999
31	77	260070	4164020	99999999
31	78	208718	4164020	99999999
31	79	165004	4164020	99999999
31	80	130342	4164020	99999999
31	81	101644	4164020	99999999
31	82	79085	4164020	99999999
31	83	60935	4164020	99999999
31	84	46369	4164020	99999999
31	85	35391	4164020	99999999
31	86	26025	4164020	99999999
31	87	19260	4164020	99999999
31	88	14373	4164020	99999999
31	89	10290	4164020	99999999
31	90	7413	4164020	99999999
31	91	5185	4164020	99999999
31	92	3604	4164020	99999999
31	93	2586	4164020	99999999
31	94	1797	4164020	99999999
31	95	1220	4164020	99999999
31	96	796	4164020	99999999
31	97	532	4164020	99999999
31	98	329	4164020	99999999
31	99	220	4164020	99999999
31	100	135	4164020	99999999
31	101	80	4164020	99999999
31	102	54	4164020	99999999
31	103	24	4164020	99999999
31	104	26	4164020	99999999
31	105	11	4164020	99999999
31	106	10	4164020	99999999
31	107	3	4164020	99999999
31	108	2	4164020	99999999

32	13	1	3973258	99999999
32	14	2	3973258	99999999
32	15	6	3973258	99999999
32	16	17	3973258	99999999
32	17	25	3973258	99999999
32	18	54	3973258	99999999
32	19	115	3973258	99999999
32	20	217	3973258	99999999
32	21	442	3973258	99999999
32	22	852	3973258	99999999
32	23	1650	3973258	99999999
32	24	2849	3973258	99999999
32	25	4969	3973258	99999999
32	26	8177	3973258	99999999
32	27	13756	3973258	99999999
32	28	21318	3973258	99999999
32	29	33754	3973258	99999999
32	30	50276	3973258	99999999
32	31	73413	3973258	99999999
32	32	104913	3973258	99999999
32	33	148920	3973258	99999999
32	34	205261	3973258	99999999
32	35	276126	3973258	99999999
32	36	364255	3973258	99999999
32	37	472583	3973258	99999999
32	38	600205	3973258	99999999
32	39	751328	3973258	99999999
32	40	925102	3973258	99999999
32	41	1121419	3973258	99999999
32	42	1335308	3973258	99999999
32	43	1568529	3973258	99999999
32	44	1816987	3973258	99999999
32	45	2070551	3973258	99999999
32	46	2332988	3973258	99999999
32	47	2593910	3973258	99999999
32	48	2847873	3973258	99999999
32	49	3086518	3973258	99999999
32	50	3310714	3973258	99999999
32	51	3503219	3973258	99999999
32	52	3669244	3973258	99999999
32	53	3808032	3973258	99999999
32	54	3901260	3973258	99999999
32	55	3961102	3973258	99999999
32	56	3973258	3973258	99999999
32	57	3955726	3973258	99999999
32	58	3894357	3973258	99999999
32	59	3805371	3973258	99999999
32	60	3683111	3973258	99999999
32	61	3530622	3973258	99999999
32	62	3356038	3973258	99999999
32	63	3159778	3973258	99999999
32	64	2949488	3973258	99999999
32	65	2734244	3973258	99999999
32	66	2514110	3973258	99999999
32	67	2290294	3973258	99999999
32	68	2073478	3973258	99999999
32	69	1859280	3973258	99999999
32	70	1657418	3973258	99999999
32	71	1465206	3973258	99999999
32	72	1283623	3973258	99999999
32	73	1117039	3973258	99999999
32	74	963433	3973258	99999999
32	75	827860	3973258	99999999
32	76	702928	3973258	99999999
32	77	594033	3973258	99999999
32	78	499406	3973258	99999999
32	79	415071	3973258	99999999
32	80	343177	3973258	99999999
32	81	281652	3973258	99999999
32	82	230161	3973258	99999999
32	83	185208	3973258	99999999
32	84	149126	3973258	99999999
32	85	117870	3973258	99999999
32	86	93009	3973258	99999999
32	87	73696	3973258	99999999
32	88	57009	3973258	99999999
32	89	44234	3973258	99999999
32	90	33953	3973258	99999999
32	91	25721	3973258	99999999
32	92	19288	3973258	99999999
32	93	14490	3973258	99999999
32	94	10632	3973258	99999999
32	95	7982	3973258	99999999
32	96	5686	3973258	99999999
32	97	4181	3973258	99999999
32	98	2997	3973258	99999999
32	99	1998	3973258	99999999
32	100	1441	3973258	99999999
32	101	1022	3973258	99999999
32	102	707	3973258	99999999
32	103	447	3973258	99999999
32	104	327	3973258	99999999
32	105	213	3973258	99999999
32	106	129	3973258	99999999
32	107	101	3973258	99999999
32	108	57	3973258	99999999
32	109	25	3973258	99999999
32	110	23	3973258	99999999
32	111	13	3973258	99999999
32	112	6	3973258	99999999
32	113	1	3973258	99999999
32	114	5	3973258	99999999
32	115	0	3973258	99999999
32	116	0	3973258	99999999
32	117	0	3973258	99999999

33	16	4	3807189	99999999
33	17	4	3807189	99999999
33	18	18	3807189	99999999
33	19	36	3807189	99999999
33	20	66	3807189	99999999
33	21	131	3807189	99999999
33	22	261	3807189	99999999
33	23	494	3807189	99999999
33	24	965	3807189	99999999
33	25	1742	3807189	99999999
33	26	2925	3807189	99999999
33	27	4951	3807189	99999999
33	28	7976	3807189	99999999
33	29	12826	3807189	99999999
33	30	20116	3807189	99999999
33	31	29976	3807189	99999999
33	32	44479	3807189	99999999
33	33	64609	3807189	99999999
33	34	91873	3807189	99999999
33	35	127575	3807189	99999999
33	36	174228	3807189	99999999
33	37	233679	3807189	99999999
33	38	307504	3807189	99999999
33	39	395986	3807189	99999999
33	40	503622	3807189	99999999
33	41	630649	3807189	99999999
33	42	774965	3807189	99999999
33	43	940900	3807189	99999999
33	44	1124455	3807189	99999999
33	45	1328696	3807189	99999999
33	46	1540397	3807189	99999999
33	47	1769629	3807189	99999999
33	48	2005383	3807189	99999999
33	49	2244384	3807189	99999999
33	50	2484878	3807189	99999999
33	51	2716096	3807189	99999999
33	52	2936091	3807189	99999999
33	53	3140462	3807189	99999999
33	54	3325329	3807189	99999999
33	55	3486722	3807189	99999999
33	56	3615317	3807189	99999999
33	57	3712961	3807189	99999999
33	58	3777742	3807189	99999999
33	59	3807189	3807189	99999999
33	60	3806582	3807189	99999999
33	61	3764639	3807189	99999999
33	62	3695258	3807189	99999999
33	63	3597166	3807189	99999999
33	64	3470522	3807189	99999999
33	65	3325262	3807189	99999999
33	66	3158230	3807189	99999999
33	67	2973148	3807189	99999999
33	68	2780787	3807189	99999999
33	69	2580617	3807189	99999999
33	70	2375518	3807189	99999999
33	71	2171805	3807189	99999999
33	72	1973162	3807189	99999999
33	73	1771882	3807189	99999999
33	74	1587056	3807189	99999999
33	75	1410082	3807189	99999999
33	76	1242321	3807189	99999999
33	77	1086198	3807189	99999999
33	78	947336	3807189	99999999
33	79	817775	3807189	99999999
33	80	702119	3807189	99999999
33	81	597975	3807189	99999999
33	82	505706	3807189	99999999
33	83	425852	3807189	99999999
33	84	354790	3807189	99999999
33	85	293256	3807189	99999999
33	86	241863	3807189	99999999
33	87	198461	3807189	99999999
33	88	160503	3807189	99999999
33	89	129838	3807189	99999999
33	90	103681	3807189	99999999
33	91	82528	3807189	99999999
33	92	65042	3807189	99999999
33	93	51141	3807189	99999999
33	94	39890	3807189	99999999
33	95	31249	3807189	99999999
33	96	23795	3807189	99999999
33	97	17929	3807189	99999999
33	98	13549	3807189	99999999
33	99	10152	3807189	99999999
33	100	7589	3807189	99999999
33	101	5576	3807189	99999999
33	102	3979	3807189	99999999
33	103	2928	3807189	99999999
33	104	2180	3807189	99999999
33	105	1429	3807189	99999999
33	106	1084	3807189	99999999
33	107	736	3807189	99999999
33	108	516	3807189	99999999
33	109	329	3807189	99999999
33	110	247	3807189	99999999
33	111	152	3807189	99999999
33	112	108	3807189	99999999
33	113	61	3807189	99999999
33	114	40	3807189	99999999
33	115	41	3807189	99999999
33	116	16	3807189	99999999
33	117	13	3807189	99999999
33	118	7	3807189	99999999
33	119	3	3807189	99999999
33	120	4	3807189	99999999
33	121	5	3807189	99999999
33	122	0	3807189	99999999
33	123	0	3807189	99999999
33	124	0	3807189	99999999

34	16	1	3641817	99999999
34	17	1	3641817	99999999
34	18	4	3641817	99999999
34	19	10	3641817	99999999
34	20	15	3641817	99999999
34	21	47	3641817	99999999
34	22	74	3641817	99999999
34	23	161	3641817	99999999
34	24	257	3641817	99999999
34	25	528	3641817	99999999
34	26	874	3641817	99999999
34	27	1531	3641817	99999999
34	28	2693	3641817	99999999
34	29	4264	3641817	99999999
34	30	7127	3641817	99999999
34	31	11060	3641817	99999999
34	32	16971	3641817	99999999
34	33	25333	3641817	99999999
34	34	36798	3641817	99999999
34	35	53855	3641817	99999999
34	36	75511	3641817	99999999
34	37	104195	3641817	99999999
34	38	142038	3641817	99999999
34	39	189069	3641817	99999999
34	40	248235	3641817	99999999
34	41	320832	3641817	99999999
34	42	407602	3641817	99999999
34	43	511567	3641817	99999999
34	44	630519	3641817	99999999
34	45	766733	3641817	99999999
34	46	918389	3641817	99999999
34	47	1088154	3641817	99999999
34	48	1274440	3641817	99999999
34	49	1471268	3641817	99999999
34	50	1681123	3641817	99999999
34	51	1898248	3641817	99999999
34	52	2113600	3641817	99999999
34	53	2332008	3641817	99999999
34	54	2547395	3641817	99999999
34	55	2752898	3641817	99999999
34	56	2943975	3641817	99999999
34	57	3119041	3641817	99999999
34	58	3276444	3641817	99999999
34	59	3408079	3641817	99999999
34	60	3509856	3641817	99999999
34	61	3586074	3641817	99999999
34	62	3625762	3641817	99999999
34	63	3641817	3641817	99999999
34	64	3630371	3641817	99999999
34	65	3583572	3641817	99999999
34	66	3513944	3641817	99999999
34	67	3416317	3641817	99999999
34	68	3297311	3641817	99999999
34	69	3158797	3641817	99999999
34	70	3004200	3641817	99999999
34	71	2838206	3641817	99999999
34	72	2661735	3641817	99999999
34	73	2477722	3641817	99999999
34	74	2290337	3641817	99999999
34	75	2104790	3641817	99999999
34	76	1919199	3641817	99999999
34	77	1741717	3641817	99999999
34	78	1566706	3641817	99999999
34	79	1402114	3641817	99999999
34	80	1244344	3641817	99999999
34	81	1099151	3641817	99999999
34	82	964672	3641817	99999999
34	83	841290	3641817	99999999
34	84	729971	3641817	99999999
34	85	628650	3641817	99999999
34	86	537904	3641817	99999999
34	87	456870	3641817	99999999
34	88	386829	3641817	99999999
34	89	324732	3641817	99999999
34	90	271394	3641817	99999999
34	91	225148	3641817	99999999
34	92	186059	3641817	99999999
34	93	152705	3641817	99999999
34	94	124628	3641817	99999999
34	95	100556	3641817	99999999
34	96	81101	3641817	99999999
34	97	64562	3641817	99999999
34	98	51196	3641817	99999999
34	99	40403	3641817	99999999
34	100	31912	3641817	99999999
34	101	24837	3641817	99999999
34	102	19114	3641817	99999999
34	103	14737	3641817	99999999
34	104	11300	3641817	99999999
34	105	8563	3641817	99999999
34	106	6317	3641817	99999999
34	107	4859	3641817	99999999
34	108	3483	3641817	99999999
34	109	2625	3641817	99999999
34	110	1964	3641817	99999999
34	111	1344	3641817	99999999
34	112	1025	3641817	99999999
34	113	698	3641817	99999999
34	114	486	3641817	99999999
34	115	341	3641817	99999999
34	116	229	3641817	99999999
34	117	167	3641817	99999999
34	118	98	3641817	99999999
34	119	84	3641817	99999999
34	120	51	3641817	99999999
34	121	27	3641817	99999999
34	122	17	3641817	99999999
34	123	20	3641817	99999999
34	124	9	3641817	99999999
34	125	5	3641817	99999999
34	126	2	3641817	99999999
34	127	3	3641817	99999999
34	128	3	3641817	99999999
34	129	0	3641817	99999999
34	130	0	3641817	99999999
34	131	0	3641817	99999999

35	14	1	3499275	99999999
35	15	0	3499275	99999999
35	16	0	3499275	99999999
35	17	1	3499275	99999999
35	18	2	3499275	99999999
35	19	3	3499275	99999999
35	20	8	3499275	99999999
35	21	12	3499275	99999999
35	22	19	3499275	99999999
35	23	41	3499275	99999999
35	24	81	3499275	99999999
35	25	136	3499275	99999999
35	26	278	3499275	99999999
35	27	482	3499275	99999999
35	28	880	3499275	99999999
35	29	1517	3499275	99999999
35	30	2535	3499275	99999999
35	31	4017	3499275	99999999
35	32	6239	3499275	99999999
35	33	9699	3499275	99999999
35	34	14633	3499275	99999999
35	35	21589	3499275	99999999
35	36	31252	3499275	99999999
35	37	45165	3499275	99999999
35	38	62443	3499275	99999999
35	39	87017	3499275	99999999
35	40	117179	3499275	99999999
35	41	155160	3499275	99999999
35	42	203414	3499275	99999999
35	43	262948	3499275	99999999
35	44	333575	3499275	99999999
35	45	418617	3499275	99999999
35	46	516432	3499275	99999999
35	47	628127	3499275	99999999
35	48	756847	3499275	99999999
35	49	899713	3499275	99999999
35	50	1056276	3499275	99999999
35	51	1229801	3499275	99999999
35	52	1410774	3499275	99999999
35	53	1599806	3499275	99999999
35	54	1795924	3499275	99999999
35	55	2000195	3499275	99999999
35	56	2202702	3499275	99999999
35	57	2402773	3499275	99999999
35	58	2590134	3499275	99999999
35	59	2773751	3499275	99999999
35	60	2940710	3499275	99999999
35	61	3087473	3499275	99999999
35	62	3221351	3499275	99999999
35	63	3325158	3499275	99999999
35	64	3409214	3499275	99999999
35	65	3464073	3499275	99999999
35	66	3493572	3499275	99999999
35	67	3499275	3499275	99999999
35	68	3473411	3499275	99999999
35	69	3428309	3499275	99999999
35	70	3352991	3499275	99999999
35	71	3259288	3499275	99999999
35	72	3147852	3499275	99999999
35	73	3014146	3499275	99999999
35	74	2872570	3499275	99999999
35	75	2717591	3499275	99999999
35	76	2554351	3499275	99999999
35	77	2380617	3499275	99999999
35	78	2212224	3499275	99999999
35	79	2034417	3499275	99999999
35	80	1865530	3499275	99999999
35	81	1699438	3499275	99999999
35	82	1539511	3499275	99999999
35	83	1383949	3499275	99999999
35	84	1237884	3499275	99999999
35	85	1099588	3499275	99999999
35	86	971439	3499275	99999999
35	87	854445	3499275	99999999
35	88	744998	3499275	99999999
35	89	648676	3499275	99999999
35	90	560741	3499275	99999999
35	91	479518	3499275	99999999
35	92	409524	3499275	99999999
35	93	347080	3499275	99999999
35	94	293706	3499275	99999999
35	95	247544	3499275	99999999
35	96	205233	3499275	99999999
35	97	170242	3499275	99999999
35	98	140084	3499275	99999999
35	99	115347	3499275	99999999
35	100	94437	3499275	99999999
35	101	76186	3499275	99999999
35	102	61291	3499275	99999999
35	103	49198	3499275	99999999
35	104	38988	3499275	99999999
35	105	30801	3499275	99999999
35	106	24292	3499275	99999999
35	107	18946	3499275	99999999
35	108	14761	3499275	99999999
35	109	11496	3499275	99999999
35	110	8755	3499275	99999999
35	111	6707	3499275	99999999
35	112	4995	3499275	99999999
35	113	3713	3499275	99999999
35	114	2657	3499275	99999999
35	115	2043	3499275	99999999
35	116	1605	3499275	99999999
35	117	1134	3499275	99999999
35	118	811	3499275	99999999
35	119	571	3499275	99999999
35	120	417	3499275	99999999
35	121	294	3499275	99999999
35	122	193	3499275	99999999
35	123	161	3499275	99999999
35	124	90	3499275	99999999
35	125	71	3499275	99999999
35	126	37	3499275	99999999
35	127	21	3499275	99999999
35	128	16	3499275	99999999
35	129	19	3499275	99999999
35	130	14	3499275	99999999
35	131	5	3499275	99999999
35	132	4	3499275	99999999
35	133	2	3499275	99999999
35	134	0	3499275	99999999

36	19	2	3353180	99999999
36	20	1	3353180	99999999
36	21	4	3353180	99999999
36	22	4	3353180	99999999
36	23	12	3353180	99999999
36	24	26	3353180	99999999
36	25	52	3353180	99999999
36	26	76	3353180	99999999
36	27	144	3353180	99999999
36	28	281	3353180	99999999
36	29	478	3353180	99999999
36	30	756	3353180	99999999
36	31	1323	3353180	99999999
36	32	2059	3353180	99999999
36	33	3466	3353180	99999999
36	34	5192	3353180	99999999
36	35	7948	3353180	99999999
36	36	11877	3353180	99999999
36	37	17604	3353180	99999999
36	38	25251	3353180	99999999
36	39	35542	3353180	99999999
36	40	50079	3353180	99999999
36	41	68570	3353180	99999999
36	42	91757	3353180	99999999
36	43	123027	3353180	99999999
36	44	160553	3353180	99999999
36	45	207901	3353180	99999999
36	46	262876	3353180	99999999
36	47	330196	3353180	99999999
36	48	408197	3353180	99999999
36	49	498832	3353180	99999999
36	50	604952	3353180	99999999
36	51	721445	3353180	99999999
36	52	853824	3353180	99999999
36	53	996212	3353180	99999999
36	54	1152296	3353180	99999999
36	55	1315174	3353180	99999999
36	56	1491212	3353180	99999999
36	57	1675179	3353180	99999999
36	58	1853640	3353180	99999999
36	59	2043739	3353180	99999999
36	60	2226865	3353180	99999999
36	61	2404908	3353180	99999999
36	62	2577594	3353180	99999999
36	63	2733073	3353180	99999999
36	64	2879905	3353180	99999999
36	65	3013196	3353180	99999999
36	66	3125306	3353180	99999999
36	67	3216324	3353180	99999999
36	68	3283183	3353180	99999999
36	69	3330175	3353180	99999999
36	70	3353180	3353180	99999999
36	71	3352363	3353180	99999999
36	72	3326706	3353180	99999999
36	73	3277752	3353180	99999999
36	74	3213652	3353180	99999999
36	75	3128727	3353180	99999999
36	76	3022452	3353180	99999999
36	77	2905827	3353180	99999999
36	78	2772845	3353180	99999999
36	79	2630171	3353180	99999999
36	80	2481098	3353180	99999999
36	81	2326072	3353180	99999999
36	82	2170363	3353180	99999999
36	83	2011952	3353180	99999999
36	84	1853691	3353180	99999999
36	85	1697689	3353180	99999999
36	86	1546566	3353180	99999999
36	87	1403258	3353180	99999999
36	88	1262797	3353180	99999999
36	89	1130990	3353180	99999999
36	90	1007948	3353180	99999999
36	91	895323	3353180	99999999
36	92	787875	3353180	99999999
36	93	693275	3353180	99999999
36	94	604382	3353180	99999999
36	95	523990	3353180	99999999
36	96	453381	3353180	99999999
36	97	389053	3353180	99999999
36	98	332919	3353180	99999999
36	99	281518	3353180	99999999
36	100	239314	3353180	99999999
36	101	200733	3353180	99999999
36	102	167791	3353180	99999999
36	103	139977	3353180	99999999
36	104	116066	3353180	99999999
36	105	95979	3353180	99999999
36	106	78376	3353180	99999999
36	107	63703	3353180	99999999
36	108	51805	3353180	99999999
36	109	41724	3353180	99999999
36	110	33758	3353180	99999999
36	111	26663	3353180	99999999
36	112	21271	3353180	99999999
36	113	16661	3353180	99999999
36	114	13202	3353180	99999999
36	115	10306	3353180	99999999
36	116	8003	3353180	99999999
36	117	6051	3353180	99999999
36	118	4633	3353180	99999999
36	119	3650	3353180	99999999
36	120	2637	3353180	99999999
36	121	1993	3353180	99999999
36	122	1508	3353180	99999999
36	123	1143	3353180	99999999
36	124	829	3353180	99999999
36	125	615	3353180	99999999
36	126	406	3353180	99999999
36	127	335	3353180	99999999
36	128	253	3353180	99999999
36	129	160	3353180	99999999
36	130	125	3353180	99999999
36	131	80	3353180	99999999
36	132	48	3353180	99999999
36	133	24	3353180	99999999
36	134	23	3353180	99999999
36	135	21	3353180	99999999
36	136	10	3353180	99999999
36	137	4	3353180	99999999
36	138	5	3353180	99999999
36	139	6	3353180	99999999
36	140	3	3353180	99999999
36	141	2	3353180	99999999
36	142	0	3353180	99999999

37	18	1	3225414	99999999
37	19	1	3225414	99999999
37	20	0	3225414	99999999
37	21	0	3225414	99999999
37	22	5	3225414	99999999
37	23	3	3225414	99999999
37	24	5	3225414	99999999
37	25	8	3225414	99999999
37	26	23	3225414	99999999
37	27	47	3225414	99999999
37	28	76	3225414	99999999
37	29	144	3225414	99999999
37	30	265	3225414	99999999
37	31	472	3225414	99999999
37	32	716	3225414	99999999
37	33	1198	3225414	99999999
37	34	1883	3225414	99999999
37	35	2976	3225414	99999999
37	36	4442	3225414	99999999
37	37	6709	3225414	99999999
37	38	9918	3225414	99999999
37	39	14480	3225414	99999999
37	40	20981	3225414	99999999
37	41	29252	3225414	99999999
37	42	40515	3225414	99999999
37	43	55682	3225414	99999999
37	44	73917	3225414	99999999
37	45	97580	3225414	99999999
37	46	127527	3225414	99999999
37	47	164794	3225414	99999999
37	48	210182	3225414	99999999
37	49	262811	3225414	99999999
37	50	327054	3225414	99999999
37	51	399409	3225414	99999999
37	52	486096	3225414	99999999
37	53	583392	3225414	99999999
37	54	692448	3225414	99999999
37	55	811088	3225414	99999999
37	56	943624	3225414	99999999
37	57	1085114	3225414	99999999
37	58	1235280	3225414	99999999
37	59	1393468	3225414	99999999
37	60	1559932	3225414	99999999
37	61	1731135	3225414	99999999
37	62	1901265	3225414	99999999
37	63	2073182	3225414	99999999
37	64	2240542	3225414	99999999
37	65	2402398	3225414	99999999
37	66	2556161	3225414	99999999
37	67	2698121	3225414	99999999
37	68	2830543	3225414	99999999
37	69	2945433	3225414	99999999
37	70	3040597	3225414	99999999
37	71	3116690	3225414	99999999
37	72	3176632	3225414	99999999
37	73	3213676	3225414	99999999
37	74	3224825	3225414	99999999
37	75	3225414	3225414	99999999
37	76	3197516	3225414	99999999
37	77	3150770	3225414	99999999
37	78	3091477	3225414	99999999
37	79	3008011	3225414	99999999
37	80	2910416	3225414	99999999
37	81	2806601	3225414	99999999
37	82	2683368	3225414	99999999
37	83	2553002	3225414	99999999
37	84	2415608	3225414	99999999
37	85	2274013	3225414	99999999
37	86	2127509	3225414	99999999
37	87	1978436	3225414	99999999
37	88	1831276	3225414	99999999
37	89	1688964	3225414	99999999
37	90	1546128	3225414	99999999
37	91	1409855	3225414	99999999
37	92	1277962	3225414	99999999
37	93	1150255	3225414	99999999
37	94	1035545	3225414	99999999
37	95	923571	3225414	99999999
37	96	821459	3225414	99999999
37	97	724639	3225414	99999999
37	98	638263	3225414	99999999
37	99	559571	3225414	99999999
37	100	486253	3225414	99999999
37	101	421861	3225414	99999999
37	102	364246	3225414	99999999
37	103	312761	3225414	99999999
37	104	267022	3225414	99999999
37	105	226760	3225414	99999999
37	106	192692	3225414	99999999
37	107	161926	3225414	99999999
37	108	135727	3225414	99999999
37	109	112984	3225414	99999999
37	110	94099	3225414	99999999
37	111	77943	3225414	99999999
37	112	63386	3225414	99999999
37	113	52151	3225414	99999999
37	114	42119	3225414	99999999
37	115	34296	3225414	99999999
37	116	27781	3225414	99999999
37	117	22012	3225414	99999999
37	118	17506	3225414	99999999
37	119	14001	3225414	99999999
37	120	11016	3225414	99999999
37	121	8578	3225414	99999999
37	122	6727	3225414	99999999
37	123	5333	3225414	99999999
37	124	4084	3225414	99999999
37	125	3159	3225414	99999999
37	126	2334	3225414	99999999
37	127	1818	3225414	99999999
37	128	1342	3225414	99999999
37	129	1000	3225414	99999999
37	130	752	3225414	99999999
37	131	571	3225414	99999999
37	132	384	3225414	99999999
37	133	297	3225414	99999999
37	134	212	3225414	99999999
37	135	166	3225414	99999999
37	136	95	3225414	99999999
37	137	103	3225414	99999999
37	138	43	3225414	99999999
37	139	42	3225414	99999999
37	140	18	3225414	99999999
37	141	18	3225414	99999999
37	142	14	3225414	99999999
37	143	12	3225414	99999999
37	144	1	3225414	99999999
37	145	5	3225414	99999999
37	146	2	3225414	99999999
37	147	0	3225414	99999999

38	23	1	3102756	99999999
38	24	1	3102756	99999999
38	25	2	3102756	99999999
38	26	1	3102756	99999999
38	27	18	3102756	99999999
38	28	19	3102756	99999999
38	29	35	3102756	99999999
38	30	77	3102756	99999999
38	31	132	3102756	99999999
38	32	237	3102756	99999999
38	33	372	3102756	99999999
38	34	576	3102756	99999999
38	35	964	3102756	99999999
38	36	1496	3102756	99999999
38	37	2232	3102756	99999999
38	38	3499	3102756	99999999
38	39	5265	3102756	99999999
38	40	7901	3102756	99999999
38	41	11307	3102756	99999999
38	42	16306	3102756	99999999
38	43	22448	3102756	99999999
38	44	31183	3102756	99999999
38	45	42333	3102756	99999999
38	46	56971	3102756	99999999
38	47	74965	3102756	99999999
38	48	97735	3102756	99999999
38	49	127220	3102756	99999999
38	50	161612	3102756	99999999
38	51	203321	3102756	99999999
38	52	252919	3102756	99999999
38	53	311118	3102756	99999999
38	54	378517	3102756	99999999
38	55	456037	3102756	99999999
38	56	543327	3102756	99999999
38	57	642842	3102756	99999999
38	58	749608	3102756	99999999
38	59	867589	3102756	99999999
38	60	998097	3102756	99999999
38	61	1134705	3102756	99999999
38	62	1280498	3102756	99999999
38	63	1430548	3102756	99999999
38	64	1584994	3102756	99999999
38	65	1739774	3102756	99999999
38	66	1897908	3102756	99999999
38	67	2058132	3102756	99999999
38	68	2209464	3102756	99999999
38	69	2355734	3102756	99999999
38	70	2499368	3102756	99999999
38	71	2625853	3102756	99999999
38	72	2743718	3102756	99999999
38	73	2845288	3102756	99999999
38	74	2932154	3102756	99999999
38	75	3002166	3102756	99999999
38	76	3056212	3102756	99999999
38	77	3083011	3102756	99999999
38	78	3102756	3102756	99999999
38	79	3095741	3102756	99999999
38	80	3075380	3102756	99999999
38	81	3035316	3102756	99999999
38	82	2984470	3102756	99999999
38	83	2907629	3102756	99999999
38	84	2821640	3102756	99999999
38	85	2725808	3102756	99999999
38	86	2618198	3102756	99999999
38	87	2500673	3102756	99999999
38	88	2376775	3102756	99999999
38	89	2246157	3102756	99999999
38	90	2112092	3102756	99999999
38	91	1978017	3102756	99999999
38	92	1841675	3102756	99999999
38	93	1707044	3102756	99999999
38	94	1573326	3102756	99999999
38	95	1445030	3102756	99999999
38	96	1318158	3102756	99999999
38	97	1197743	3102756	99999999
38	98	1084825	3102756	99999999
38	99	976296	3102756	99999999
38	100	877085	3102756	99999999
38	101	781492	3102756	99999999
38	102	694512	3102756	99999999
38	103	613684	3102756	99999999
38	104	540750	3102756	99999999
38	105	473159	3102756	99999999
38	106	412677	3102756	99999999
38	107	358454	3102756	99999999
38	108	311606	3102756	99999999
38	109	267565	3102756	99999999
38	110	229597	3102756	99999999
38	111	195852	3102756	99999999
38	112	166655	3102756	99999999
38	113	140898	3102756	99999999
38	114	118353	3102756	99999999
38	115	98471	3102756	99999999
38	116	82212	3102756	99999999
38	117	68726	3102756	99999999
38	118	56428	3102756	99999999
38	119	46882	3102756	99999999
38	120	38153	3102756	99999999
38	121	30902	3102756	99999999
38	122	25227	3102756	99999999
38	123	20693	3102756	99999999
38	124	16601	3102756	99999999
38	125	13174	3102756	99999999
38	126	10518	3102756	99999999
38	127	8294	3102756	99999999
38	128	6650	3102756	99999999
38	129	5051	3102756	99999999
38	130	3993	3102756	99999999
38	131	3183	3102756	99999999
38	132	2380	3102756	99999999
38	133	1912	3102756	99999999
38	134	1428	3102756	99999999
38	135	1096	3102756	99999999
38	136	798	3102756	99999999
38	137	607	3102756	99999999
38	138	482	3102756	99999999
38	139	362	3102756	99999999
38	140	217	3102756	99999999
38	141	186	3102756	99999999
38	142	117	3102756	99999999
38	143	86	3102756	99999999
38	144	87	3102756	99999999
38	145	53	3102756	99999999
38	146	51	3102756	99999999
38	147	20	3102756	99999999
38	148	22	3102756	99999999
38	149	15	3102756	99999999
38	150	3	3102756	99999999
38	151	6	3102756	99999999
38	152	3	3102756	99999999
38	153	5	3102756	99999999
38	154	1	3102756	99999999
38	155	3	3102756	99999999
38	156	2	3102756	99999999
38	157	1	3102756	99999999
38	158	0	3102756	99999999
38	159	0	3102756	99999999
38	160	0	3102756	99999999
38	161	0	3102756	99999999

