n	value	freq	max_freq	sample


3	0	33327924	33340973	66668897
3	1	33340973	33340973	66668897

4	1	30767856	30772178	92309254
4	2	30769220	30772178	92309254
4	3	30772178	30772178	92309254

5	0	4225070	26768876	98593342
5	1	2815884	26768876	98593342
5	2	18306842	26768876	98593342
5	3	23936706	26768876	98593342
5	4	26768876	26768876	98593342
5	5	15492968	26768876	98593342
5	6	7046996	26768876	98593342

6	0	216624	22128030	99783357
6	1	2168067	22128030	99783357
6	2	3905069	22128030	99783357
6	3	12142406	22128030	99783357
6	4	16484129	22128030	99783357
6	5	22128030	22128030	99783357
6	6	18229650	22128030	99783357
6	7	13015407	22128030	99783357
6	8	6937921	22128030	99783357
6	9	3254600	22128030	99783357
6	10	1301454	22128030	99783357

7	0	28883	15896468	99913360
7	1	348217	15896468	99913360
7	2	1450610	15896468	99913360
7	3	3450723	15896468	99913360
7	4	7921951	15896468	99913360
7	5	11808865	15896468	99913360
7	6	14973324	15896468	99913360
7	7	15896468	15896468	99913360
7	8	14128690	15896468	99913360
7	9	11454364	15896468	99913360
7	10	8330642	15896468	99913360
7	11	5338674	15896468	99913360
7	12	2955055	15896468	99913360
7	13	1361693	15896468	99913360
7	14	465201	15896468	99913360

8	0	13694	12776356	99996582
8	1	65156	12776356	99996582
8	2	274946	12776356	99996582
8	3	899356	12776356	99996582
8	4	2112704	12776356	99996582
8	5	4374269	12776356	99996582
8	6	7148719	12776356	99996582
8	7	9967118	12776356	99996582
8	8	11929484	12776356	99996582
8	9	12776356	12776356	99996582
8	10	12416933	12776356	99996582
8	11	11101572	12776356	99996582
8	12	9006523	12776356	99996582
8	13	6868368	12776356	99996582
8	14	4824198	12776356	99996582
8	15	3025832	12776356	99996582
8	16	1721885	12776356	99996582
8	17	898717	12776356	99996582
8	18	402007	12776356	99996582
8	19	137872	12776356	99996582
8	20	30873	12776356	99996582

9	0	366	10491657	99998908
9	1	8866	10491657	99998908
9	2	53127	10491657	99998908
9	3	181313	10491657	99998908
9	4	515495	10491657	99998908
9	5	1223142	10491657	99998908
9	6	2441317	10491657	99998908
9	7	4133993	10491657	99998908
9	8	6145468	10491657	99998908
9	9	7938170	10491657	99998908
9	10	9388319	10491657	99998908
9	11	10273078	10491657	99998908
9	12	10491657	10491657	99998908
9	13	10064433	10491657	99998908
9	14	9139110	10491657	99998908
9	15	7850320	10491657	99998908
9	16	6342089	10491657	99998908
9	17	4843776	10491657	99998908
9	18	3489377	10491657	99998908
9	19	2346690	10491657	99998908
9	20	1472070	10491657	99998908
9	21	854386	10491657	99998908
9	22	453634	10491657	99998908
9	23	218086	10491657	99998908
9	24	91740	10491657	99998908
9	25	31201	10491657	99998908
9	26	7685	10491657	99998908

10	0	231	8949386	99999887
10	1	1433	8949386	99999887
10	2	7487	8949386	99999887
10	3	33069	8949386	99999887
10	4	104214	8949386	99999887
10	5	276195	8949386	99999887
10	6	623066	8949386	99999887
10	7	1238250	8949386	99999887
10	8	2138074	8949386	99999887
10	9	3311889	8949386	99999887
10	10	4615851	8949386	99999887
10	11	5939372	8949386	99999887
10	12	7148547	8949386	99999887
10	13	8096475	8949386	99999887
10	14	8732755	8949386	99999887
10	15	8949386	8949386	99999887
10	16	8753872	8949386	99999887
10	17	8192257	8949386	99999887
10	18	7329203	8949386	99999887
10	19	6275491	8949386	99999887
10	20	5140633	8949386	99999887
10	21	4036787	8949386	99999887
10	22	3038774	8949386	99999887
10	23	2195454	8949386	99999887
10	24	1512121	8949386	99999887
10	25	988422	8949386	99999887
10	26	612188	8949386	99999887
10	27	356761	8949386	99999887
10	28	192749	8949386	99999887
10	29	95163	8949386	99999887
10	30	42015	8949386	99999887
10	31	16045	8949386	99999887
10	32	4676	8949386	99999887
10	33	982	8949386	99999887

11	0	19	7692626	99999992
11	1	164	7692626	99999992
11	2	986	7692626	99999992
11	3	4779	7692626	99999992
11	4	17469	7692626	99999992
11	5	52004	7692626	99999992
11	6	134620	7692626	99999992
11	7	297987	7692626	99999992
11	8	591015	7692626	99999992
11	9	1043911	7692626	99999992
11	10	1677519	7692626	99999992
11	11	2462465	7692626	99999992
11	12	3379682	7692626	99999992
11	13	4356913	7692626	99999992
11	14	5322704	7692626	99999992
11	15	6209073	7692626	99999992
11	16	6935273	7692626	99999992
11	17	7447552	7692626	99999992
11	18	7692626	7692626	99999992
11	19	7666280	7692626	99999992
11	20	7381986	7692626	99999992
11	21	6879185	7692626	99999992
11	22	6200984	7692626	99999992
11	23	5415032	7692626	99999992
11	24	4589576	7692626	99999992
11	25	3766924	7692626	99999992
11	26	2998253	7692626	99999992
11	27	2307137	7692626	99999992
11	28	1713669	7692626	99999992
11	29	1228019	7692626	99999992
11	30	845933	7692626	99999992
11	31	561470	7692626	99999992
11	32	356538	7692626	99999992
11	33	214938	7692626	99999992
11	34	124047	7692626	99999992
11	35	66463	7692626	99999992
11	36	33070	7692626	99999992
11	37	15038	7692626	99999992
11	38	5910	7692626	99999992
11	39	2079	7692626	99999992
11	40	593	7692626	99999992
11	41	107	7692626	99999992

12	0	2	6744452	99999988
12	1	18	6744452	99999988
12	2	140	6744452	99999988
12	3	691	6744452	99999988
12	4	2691	6744452	99999988
12	5	8793	6744452	99999988
12	6	24575	6744452	99999988
12	7	60598	6744452	99999988
12	8	131727	6744452	99999988
12	9	260999	6744452	99999988
12	10	467320	6744452	99999988
12	11	772326	6744452	99999988
12	12	1184056	6744452	99999988
12	13	1703717	6744452	99999988
12	14	2322374	6744452	99999988
12	15	3017668	6744452	99999988
12	16	3753482	6744452	99999988
12	17	4491151	6744452	99999988
12	18	5184506	6744452	99999988
12	19	5802014	6744452	99999988
12	20	6281669	6744452	99999988
12	21	6606437	6744452	99999988
12	22	6744452	6744452	99999988
12	23	6708229	6744452	99999988
12	24	6486150	6744452	99999988
12	25	6123544	6744452	99999988
12	26	5630065	6744452	99999988
12	27	5045307	6744452	99999988
12	28	4414535	6744452	99999988
12	29	3766249	6744452	99999988
12	30	3136799	6744452	99999988
12	31	2546597	6744452	99999988
12	32	2016846	6744452	99999988
12	33	1554927	6744452	99999988
12	34	1169779	6744452	99999988
12	35	853255	6744452	99999988
12	36	607614	6744452	99999988
12	37	417017	6744452	99999988
12	38	277252	6744452	99999988
12	39	178637	6744452	99999988
12	40	109477	6744452	99999988
12	41	64315	6744452	99999988
12	42	36173	6744452	99999988
12	43	19253	6744452	99999988
12	44	9489	6744452	99999988
12	45	4338	6744452	99999988
12	46	1808	6744452	99999988
12	47	655	6744452	99999988
12	48	215	6744452	99999988
12	49	57	6744452	99999988

13	1	2	5958700	99999998
13	2	15	5958700	99999998
13	3	69	5958700	99999998
13	4	350	5958700	99999998
13	5	1263	5958700	99999998
13	6	3879	5958700	99999998
13	7	10668	5958700	99999998
13	8	25125	5958700	99999998
13	9	54754	5958700	99999998
13	10	108180	5958700	99999998
13	11	197474	5958700	99999998
13	12	332842	5958700	99999998
13	13	528969	5958700	99999998
13	14	790339	5958700	99999998
13	15	1126154	5958700	99999998
13	16	1536228	5958700	99999998
13	17	2011382	5958700	99999998
13	18	2543994	5958700	99999998
13	19	3110366	5958700	99999998
13	20	3691056	5958700	99999998
13	21	4257137	5958700	99999998
13	22	4785499	5958700	99999998
13	23	5237335	5958700	99999998
13	24	5597603	5958700	99999998
13	25	5838485	5958700	99999998
13	26	5958700	5958700	99999998
13	27	5953221	5958700	99999998
13	28	5823851	5958700	99999998
13	29	5576812	5958700	99999998
13	30	5238072	5958700	99999998
13	31	4819462	5958700	99999998
13	32	4347554	5958700	99999998
13	33	3854250	5958700	99999998
13	34	3348585	5958700	99999998
13	35	2850329	5958700	99999998
13	36	2381158	5958700	99999998
13	37	1951280	5958700	99999998
13	38	1564079	5958700	99999998
13	39	1230871	5958700	99999998
13	40	946817	5958700	99999998
13	41	712126	5958700	99999998
13	42	524253	5958700	99999998
13	43	377095	5958700	99999998
13	44	265027	5958700	99999998
13	45	180065	5958700	99999998
13	46	119954	5958700	99999998
13	47	76784	5958700	99999998
13	48	47797	5958700	99999998
13	49	28767	5958700	99999998
13	50	16497	5958700	99999998
13	51	8859	5958700	99999998
13	52	4651	5958700	99999998
13	53	2240	5958700	99999998
13	54	1009	5958700	99999998
13	55	456	5958700	99999998
13	56	155	5958700	99999998
13	57	42	5958700	99999998
13	58	12	5958700	99999998

14	3	6	5338460	99999998
14	4	44	5338460	99999998
14	5	176	5338460	99999998
14	6	514	5338460	99999998
14	7	1637	5338460	99999998
14	8	4349	5338460	99999998
14	9	9881	5338460	99999998
14	10	21236	5338460	99999998
14	11	41954	5338460	99999998
14	12	77533	5338460	99999998
14	13	134084	5338460	99999998
14	14	216889	5338460	99999998
14	15	335364	5338460	99999998
14	16	493520	5338460	99999998
14	17	701346	5338460	99999998
14	18	957510	5338460	99999998
14	19	1266738	5338460	99999998
14	20	1622344	5338460	99999998
14	21	2021723	5338460	99999998
14	22	2456868	5338460	99999998
14	23	2917734	5338460	99999998
14	24	3380340	5338460	99999998
14	25	3825559	5338460	99999998
14	26	4243598	5338460	99999998
14	27	4612097	5338460	99999998
14	28	4920995	5338460	99999998
14	29	5145374	5338460	99999998
14	30	5289446	5338460	99999998
14	31	5338460	5338460	99999998
14	32	5295591	5338460	99999998
14	33	5170626	5338460	99999998
14	34	4965214	5338460	99999998
14	35	4688369	5338460	99999998
14	36	4355963	5338460	99999998
14	37	3988228	5338460	99999998
14	38	3589045	5338460	99999998
14	39	3180038	5338460	99999998
14	40	2777257	5338460	99999998
14	41	2382896	5338460	99999998
14	42	2011624	5338460	99999998
14	43	1676683	5338460	99999998
14	44	1374026	5338460	99999998
14	45	1104721	5338460	99999998
14	46	877125	5338460	99999998
14	47	681629	5338460	99999998
14	48	521956	5338460	99999998
14	49	390500	5338460	99999998
14	50	288408	5338460	99999998
14	51	208864	5338460	99999998
14	52	147549	5338460	99999998
14	53	101810	5338460	99999998
14	54	68252	5338460	99999998
14	55	45451	5338460	99999998
14	56	28841	5338460	99999998
14	57	18039	5338460	99999998
14	58	10744	5338460	99999998
14	59	6193	5338460	99999998
14	60	3550	5338460	99999998
14	61	1818	5338460	99999998
14	62	939	5338460	99999998
14	63	445	5338460	99999998
14	64	181	5338460	99999998
14	65	75	5338460	99999998
14	66	24	5338460	99999998
14	67	5	5338460	99999998
14	68	0	5338460	99999998

15	2	2	4812193	99999999
15	3	3	4812193	99999999
15	4	3	4812193	99999999
15	5	12	4812193	99999999
15	6	82	4812193	99999999
15	7	220	4812193	99999999
15	8	621	4812193	99999999
15	9	1626	4812193	99999999
15	10	3674	4812193	99999999
15	11	7754	4812193	99999999
15	12	15371	4812193	99999999
15	13	28458	4812193	99999999
15	14	50233	4812193	99999999
15	15	83087	4812193	99999999
15	16	132254	4812193	99999999
15	17	201015	4812193	99999999
15	18	294152	4812193	99999999
15	19	416584	4812193	99999999
15	20	570431	4812193	99999999
15	21	762246	4812193	99999999
15	22	991454	4812193	99999999
15	23	1255748	4812193	99999999
15	24	1554908	4812193	99999999
15	25	1883720	4812193	99999999
15	26	2238807	4812193	99999999
15	27	2608684	4812193	99999999
15	28	2982485	4812193	99999999
15	29	3348061	4812193	99999999
15	30	3699897	4812193	99999999
15	31	4018170	4812193	99999999
15	32	4292390	4812193	99999999
15	33	4512973	4812193	99999999
15	34	4679463	4812193	99999999
15	35	4776108	4812193	99999999
15	36	4812193	4812193	99999999
15	37	4778928	4812193	99999999
15	38	4679511	4812193	99999999
15	39	4521084	4812193	99999999
15	40	4309465	4812193	99999999
15	41	4054426	4812193	99999999
15	42	3767687	4812193	99999999
15	43	3454515	4812193	99999999
15	44	3129230	4812193	99999999
15	45	2792643	4812193	99999999
15	46	2462072	4812193	99999999
15	47	2147259	4812193	99999999
15	48	1847896	4812193	99999999
15	49	1567079	4812193	99999999
15	50	1315507	4812193	99999999
15	51	1086432	4812193	99999999
15	52	885807	4812193	99999999
15	53	712717	4812193	99999999
15	54	564904	4812193	99999999
15	55	442377	4812193	99999999
15	56	341707	4812193	99999999
15	57	258589	4812193	99999999
15	58	193151	4812193	99999999
15	59	141759	4812193	99999999
15	60	103017	4812193	99999999
15	61	73189	4812193	99999999
15	62	50863	4812193	99999999
15	63	34298	4812193	99999999
15	64	22785	4812193	99999999
15	65	14915	4812193	99999999
15	66	9565	4812193	99999999
15	67	5873	4812193	99999999
15	68	3486	4812193	99999999
15	69	2042	4812193	99999999
15	70	1156	4812193	99999999
15	71	585	4812193	99999999
15	72	334	4812193	99999999
15	73	145	4812193	99999999
15	74	63	4812193	99999999
15	75	27	4812193	99999999
15	76	19	4812193	99999999
15	77	3	4812193	99999999

16	5	3	4363330	99999998
16	6	8	4363330	99999998
16	7	27	4363330	99999998
16	8	88	4363330	99999998
16	9	219	4363330	99999998
16	10	568	4363330	99999998
16	11	1270	4363330	99999998
16	12	2663	4363330	99999998
16	13	5382	4363330	99999998
16	14	10012	4363330	99999998
16	15	17960	4363330	99999998
16	16	29947	4363330	99999998
16	17	48405	4363330	99999998
16	18	75661	4363330	99999998
16	19	113954	4363330	99999998
16	20	165932	4363330	99999998
16	21	234324	4363330	99999998
16	22	323205	4363330	99999998
16	23	434304	4363330	99999998
16	24	570846	4363330	99999998
16	25	735307	4363330	99999998
16	26	922635	4363330	99999998
16	27	1142491	4363330	99999998
16	28	1384916	4363330	99999998
16	29	1650548	4363330	99999998
16	30	1937137	4363330	99999998
16	31	2236552	4363330	99999998
16	32	2544923	4363330	99999998
16	33	2851625	4363330	99999998
16	34	3145398	4363330	99999998
16	35	3425587	4363330	99999998
16	36	3682139	4363330	99999998
16	37	3902545	4363330	99999998
16	38	4091588	4363330	99999998
16	39	4226813	4363330	99999998
16	40	4324536	4363330	99999998
16	41	4363330	4363330	99999998
16	42	4359954	4363330	99999998
16	43	4299620	4363330	99999998
16	44	4196568	4363330	99999998
16	45	4045096	4363330	99999998
16	46	3862678	4363330	99999998
16	47	3644813	4363330	99999998
16	48	3406315	4363330	99999998
16	49	3143813	4363330	99999998
16	50	2875872	4363330	99999998
16	51	2600686	4363330	99999998
16	52	2327575	4363330	99999998
16	53	2064656	4363330	99999998
16	54	1805251	4363330	99999998
16	55	1566253	4363330	99999998
16	56	1344649	4363330	99999998
16	57	1139261	4363330	99999998
16	58	955431	4363330	99999998
16	59	793328	4363330	99999998
16	60	649741	4363330	99999998
16	61	528222	4363330	99999998
16	62	423312	4363330	99999998
16	63	334448	4363330	99999998
16	64	261904	4363330	99999998
16	65	202262	4363330	99999998
16	66	155115	4363330	99999998
16	67	116635	4363330	99999998
16	68	86310	4363330	99999998
16	69	63151	4363330	99999998
16	70	45457	4363330	99999998
16	71	32469	4363330	99999998
16	72	22580	4363330	99999998
16	73	15560	4363330	99999998
16	74	10295	4363330	99999998
16	75	6857	4363330	99999998
16	76	4316	4363330	99999998
16	77	2661	4363330	99999998
16	78	1709	4363330	99999998
16	79	1010	4363330	99999998
16	80	632	4363330	99999998
16	81	337	4363330	99999998
16	82	192	4363330	99999998
16	83	78	4363330	99999998
16	84	46	4363330	99999998
16	85	25	4363330	99999998
16	86	7	4363330	99999998

17	7	2	3985461	99999999
17	8	15	3985461	99999999
17	9	22	3985461	99999999
17	10	70	3985461	99999999
17	11	174	3985461	99999999
17	12	359	3985461	99999999
17	13	854	3985461	99999999
17	14	1700	3985461	99999999
17	15	3380	3985461	99999999
17	16	6033	3985461	99999999
17	17	10189	3985461	99999999
17	18	16613	3985461	99999999
17	19	26709	3985461	99999999
17	20	41482	3985461	99999999
17	21	61219	3985461	99999999
17	22	88828	3985461	99999999
17	23	126343	3985461	99999999
17	24	174429	3985461	99999999
17	25	236846	3985461	99999999
17	26	313752	3985461	99999999
17	27	407903	3985461	99999999
17	28	520531	3985461	99999999
17	29	655148	3985461	99999999
17	30	809670	3985461	99999999
17	31	985052	3985461	99999999
17	32	1180636	3985461	99999999
17	33	1392965	3985461	99999999
17	34	1623597	3985461	99999999
17	35	1864935	3985461	99999999
17	36	2119637	3985461	99999999
17	37	2370068	3985461	99999999
17	38	2625030	3985461	99999999
17	39	2870609	3985461	99999999
17	40	3110746	3985461	99999999
17	41	3324370	3985461	99999999
17	42	3516402	3985461	99999999
17	43	3681651	3985461	99999999
17	44	3812472	3985461	99999999
17	45	3911058	3985461	99999999
17	46	3970333	3985461	99999999
17	47	3985461	3985461	99999999
17	48	3976635	3985461	99999999
17	49	3917934	3985461	99999999
17	50	3823102	3985461	99999999
17	51	3704314	3985461	99999999
17	52	3548988	3985461	99999999
17	53	3368311	3985461	99999999
17	54	3173949	3985461	99999999
17	55	2963035	3985461	99999999
17	56	2739703	3985461	99999999
17	57	2510442	3985461	99999999
17	58	2280873	3985461	99999999
17	59	2053182	3985461	99999999
17	60	1835537	3985461	99999999
17	61	1622131	3985461	99999999
17	62	1424728	3985461	99999999
17	63	1236085	3985461	99999999
17	64	1065073	3985461	99999999
17	65	906937	3985461	99999999
17	66	767927	3985461	99999999
17	67	644373	3985461	99999999
17	68	534030	3985461	99999999
17	69	439499	3985461	99999999
17	70	356545	3985461	99999999
17	71	287482	3985461	99999999
17	72	229304	3985461	99999999
17	73	181146	3985461	99999999
17	74	142066	3985461	99999999
17	75	109132	3985461	99999999
17	76	83642	3985461	99999999
17	77	63104	3985461	99999999
17	78	47009	3985461	99999999
17	79	34573	3985461	99999999
17	80	25111	3985461	99999999
17	81	17972	3985461	99999999
17	82	12443	3985461	99999999
17	83	8862	3985461	99999999
17	84	6004	3985461	99999999
17	85	4155	3985461	99999999
17	86	2728	3985461	99999999
17	87	1750	3985461	99999999
17	88	1149	3985461	99999999
17	89	748	3985461	99999999
17	90	423	3985461	99999999
17	91	283	3985461	99999999
17	92	128	3985461	99999999
17	93	77	3985461	99999999
17	94	46	3985461	99999999
17	95	20	3985461	99999999
17	96	13	3985461	99999999
17	97	2	3985461	99999999
17	98	1	3985461	99999999
17	99	0	3985461	99999999

