n	value	freq	max_freq	sample
1	0	100000000	100000000	100000000

2	0	100000000	100000000	100000000

3	0	66657724	66657724	100000000
3	1	33342276	66657724	100000000

4	0	61542494	61542494	100000000
4	1	30765674	61542494	100000000
4	2	7691832	61542494	100000000

5	0	30986959	43656396	100000000
5	1	43656396	43656396	100000000
5	2	25356645	43656396	100000000

6	0	25159462	34699242	100000000
6	1	31678495	34699242	100000000
6	2	34699242	34699242	100000000
6	3	7377084	34699242	100000000
6	4	1085717	34699242	100000000

7	0	11257439	36441951	100000000
7	1	24830466	36441951	100000000
7	2	36441951	36441951	100000000
7	3	17727702	36441951	100000000
7	4	7886073	36441951	100000000
7	5	1856369	36441951	100000000

8	0	8336697	30028362	100000000
8	1	15713481	30028362	100000000
8	2	30028362	30028362	100000000
8	3	23686632	30028362	100000000
8	4	14896880	30028362	100000000
8	5	5597935	30028362	100000000
8	6	1382827	30028362	100000000
8	7	301962	30028362	100000000
8	8	55224	30028362	100000000

9	0	3341655	23392466	100000000
9	1	9468655	23392466	100000000
9	2	21403196	23392466	100000000
9	3	23392466	23392466	100000000
9	4	20353844	23392466	100000000
9	5	12715953	23392466	100000000
9	6	5972254	23392466	100000000
9	7	2548934	23392466	100000000
9	8	732740	23392466	100000000
9	9	70303	23392466	100000000

10	0	2333862	21015489	100000000
10	1	5469615	21015489	100000000
10	2	13812212	21015489	100000000
10	3	19563507	21015489	100000000
10	4	21015489	21015489	100000000
10	5	16764681	21015489	100000000
10	6	10754466	21015489	100000000
10	7	6127395	21015489	100000000
10	8	2895802	21015489	100000000
10	9	941111	21015489	100000000
10	10	264550	21015489	100000000
10	11	50043	21015489	100000000
10	12	7267	21015489	100000000

11	0	851476	17943539	100000000
11	1	2766923	17943539	100000000
11	2	7837251	17943539	100000000
11	3	13491172	17943539	100000000
11	4	17752282	17943539	100000000
11	5	17943539	17943539	100000000
11	6	14910160	17943539	100000000
11	7	11068417	17943539	100000000
11	8	7084519	17943539	100000000
11	9	3628955	17943539	100000000
11	10	1685622	17943539	100000000
11	11	682078	17943539	100000000
11	12	237546	17943539	100000000
11	13	54712	17943539	100000000
11	14	5348	17943539	100000000

12	0	573479	15830681	100000000
12	1	1532459	15830681	100000000
12	2	4368237	15830681	100000000
12	3	8721364	15830681	100000000
12	4	13320641	15830681	100000000
12	5	15830681	15830681	100000000
12	6	15724614	15830681	100000000
12	7	13761544	15830681	100000000
12	8	10743267	15830681	100000000
12	9	7082997	15830681	100000000
12	10	4258427	15830681	100000000
12	11	2301867	15830681	100000000
12	12	1116495	15830681	100000000
12	13	453721	15830681	100000000
12	14	151381	15830681	100000000
12	15	44269	15830681	100000000
12	16	11800	15830681	100000000
12	17	2427	15830681	100000000
12	18	330	15830681	100000000

13	0	190969	14261509	100000000
13	1	676926	14261509	100000000
13	2	2121858	14261509	100000000
13	3	4812031	14261509	100000000
13	4	8468023	14261509	100000000
13	5	11805692	14261509	100000000
13	6	13823067	14261509	100000000
13	7	14261509	14261509	100000000
13	8	13206479	14261509	100000000
13	9	10637030	14261509	100000000
13	10	7844668	14261509	100000000
13	11	5309428	14261509	100000000
13	12	3325064	14261509	100000000
13	13	1870181	14261509	100000000
13	14	941314	14261509	100000000
13	15	432996	14261509	100000000
13	16	182775	14261509	100000000
13	17	66774	14261509	100000000
13	18	19130	14261509	100000000
13	19	3672	14261509	100000000
13	20	414	14261509	100000000

14	0	127081	13067531	100000000
14	1	370522	13067531	100000000
14	2	1094554	13067531	100000000
14	3	2650861	13067531	100000000
14	4	5155614	13067531	100000000
14	5	8051427	13067531	100000000
14	6	10673333	13067531	100000000
14	7	12437185	13067531	100000000
14	8	13067531	13067531	100000000
14	9	12173281	13067531	100000000
14	10	10426327	13067531	100000000
14	11	8219478	13067531	100000000
14	12	6026862	13067531	100000000
14	13	4063647	13067531	100000000
14	14	2526921	13067531	100000000
14	15	1459213	13067531	100000000
14	16	795058	13067531	100000000
14	17	396520	13067531	100000000
14	18	177875	13067531	100000000
14	19	71414	13067531	100000000
14	20	25203	13067531	100000000
14	21	7759	13067531	100000000
14	22	1976	13067531	100000000
14	23	325	13067531	100000000
14	24	33	13067531	100000000

15	0	38898	11738510	100000000
15	1	147327	11738510	100000000
15	2	474838	11738510	100000000
15	3	1250993	11738510	100000000
15	4	2698218	11738510	100000000
15	5	4735866	11738510	100000000
15	6	7068200	11738510	100000000
15	7	9296115	11738510	100000000
15	8	11041685	11738510	100000000
15	9	11738510	11738510	100000000
15	10	11462985	11738510	100000000
15	11	10360116	11738510	100000000
15	12	8761401	11738510	100000000
15	13	6897534	11738510	100000000
15	14	5077197	11738510	100000000
15	15	3520972	11738510	100000000
15	16	2316703	11738510	100000000
15	17	1434318	11738510	100000000
15	18	833073	11738510	100000000
15	19	446465	11738510	100000000
15	20	225014	11738510	100000000
15	21	103076	11738510	100000000
15	22	45148	11738510	100000000
15	23	17467	11738510	100000000
15	24	5927	11738510	100000000
15	25	1634	11738510	100000000
15	26	290	11738510	100000000
15	27	30	11738510	100000000

16	0	25619	10685070	100000000
16	1	81355	10685070	100000000
16	2	238703	10685070	100000000
16	3	629090	10685070	100000000
16	4	1432120	10685070	100000000
16	5	2709526	10685070	100000000
16	6	4418287	10685070	100000000
16	7	6363473	10685070	100000000
16	8	8296618	10685070	100000000
16	9	9776441	10685070	100000000
16	10	10610721	10685070	100000000
16	11	10685070	10685070	100000000
16	12	10070610	10685070	100000000
16	13	8886990	10685070	100000000
16	14	7381947	10685070	100000000
16	15	5797805	10685070	100000000
16	16	4340381	10685070	100000000
16	17	3083406	10685070	100000000
16	18	2085257	10685070	100000000
16	19	1329377	10685070	100000000
16	20	806136	10685070	100000000
16	21	462553	10685070	100000000
16	22	252824	10685070	100000000
16	23	129373	10685070	100000000
16	24	62489	10685070	100000000
16	25	27274	10685070	100000000
16	26	10990	10685070	100000000
16	27	3846	10685070	100000000
16	28	1259	10685070	100000000
16	29	358	10685070	100000000
16	30	84	10685070	100000000
16	31	17	10685070	100000000
16	32	1	10685070	100000000

17	0	7370	9847837	100000000
17	1	29507	9847837	100000000
17	2	94732	9847837	100000000
17	3	266177	9847837	100000000
17	4	648342	9847837	100000000
17	5	1343356	9847837	100000000
17	6	2397482	9847837	100000000
17	7	3792298	9847837	100000000
17	8	5431140	9847837	100000000
17	9	7065919	9847837	100000000
17	10	8467737	9847837	100000000
17	11	9436110	9847837	100000000
17	12	9847837	9847837	100000000
17	13	9655481	9847837	100000000
17	14	8951003	9847837	100000000
17	15	7872763	9847837	100000000
17	16	6614203	9847837	100000000
17	17	5309514	9847837	100000000
17	18	4076789	9847837	100000000
17	19	2989327	9847837	100000000
17	20	2098779	9847837	100000000
17	21	1412732	9847837	100000000
17	22	912577	9847837	100000000
17	23	565597	9847837	100000000
17	24	335133	9847837	100000000
17	25	187746	9847837	100000000
17	26	99738	9847837	100000000
17	27	49940	9847837	100000000
17	28	23721	9847837	100000000
17	29	10583	9847837	100000000
17	30	4169	9847837	100000000
17	31	1575	9847837	100000000
17	32	466	9847837	100000000
17	33	132	9847837	100000000
17	34	22	9847837	100000000
17	35	3	9847837	100000000

18	0	4942	9077029	100000000
18	1	16655	9077029	100000000
18	2	47806	9077029	100000000
18	3	128068	9077029	100000000
18	4	316714	9077029	100000000
18	5	683265	9077029	100000000
18	6	1291444	9077029	100000000
18	7	2184535	9077029	100000000
18	8	3352644	9077029	100000000
18	9	4710141	9077029	100000000
18	10	6109516	9077029	100000000
18	11	7393544	9077029	100000000
18	12	8398392	9077029	100000000
18	13	8971367	9077029	100000000
18	14	9077029	9077029	100000000
18	15	8733019	9077029	100000000
18	16	8026903	9077029	100000000
18	17	7072711	9077029	100000000
18	18	5980508	9077029	100000000
18	19	4850469	9077029	100000000
18	20	3783080	9077029	100000000
18	21	2843855	9077029	100000000
18	22	2062085	9077029	100000000
18	23	1441098	9077029	100000000
18	24	973097	9077029	100000000
18	25	631558	9077029	100000000
18	26	393964	9077029	100000000
18	27	235619	9077029	100000000
18	28	135927	9077029	100000000
18	29	75189	9077029	100000000
18	30	39467	9077029	100000000
18	31	19699	9077029	100000000
18	32	9150	9077029	100000000
18	33	3984	9077029	100000000
18	34	1691	9077029	100000000
18	35	601	9077029	100000000
18	36	198	9077029	100000000
18	37	55	9077029	100000000
18	38	8	9077029	100000000
18	39	3	9077029	100000000

19	0	1310	8355266	100000000
19	1	5423	8355266	100000000
19	2	17452	8355266	100000000
19	3	50326	8355266	100000000
19	4	129710	8355266	100000000
19	5	297388	8355266	100000000
19	6	604943	8355266	100000000
19	7	1100200	8355266	100000000
19	8	1821878	8355266	100000000
19	9	2759153	8355266	100000000
19	10	3881090	8355266	100000000
19	11	5080339	8355266	100000000
19	12	6251115	8355266	100000000
19	13	7254626	8355266	100000000
19	14	7969407	8355266	100000000
19	15	8342362	8355266	100000000
19	16	8355266	8355266	100000000
19	17	8025634	8355266	100000000
19	18	7409612	8355266	100000000
19	19	6587584	8355266	100000000
19	20	5647538	8355266	100000000
19	21	4681077	8355266	100000000
19	22	3757320	8355266	100000000
19	23	2916761	8355266	100000000
19	24	2200977	8355266	100000000
19	25	1605567	8355266	100000000
19	26	1134238	8355266	100000000
19	27	777310	8355266	100000000
19	28	517375	8355266	100000000
19	29	332237	8355266	100000000
19	30	207073	8355266	100000000
19	31	124581	8355266	100000000
19	32	72001	8355266	100000000
19	33	40025	8355266	100000000
19	34	21215	8355266	100000000
19	35	10714	8355266	100000000
19	36	5117	8355266	100000000
19	37	2368	8355266	100000000
19	38	1063	8355266	100000000
19	39	428	8355266	100000000
19	40	132	8355266	100000000
19	41	52	8355266	100000000
19	42	12	8355266	100000000
19	43	0	8355266	100000000
19	44	1	8355266	100000000

20	0	886	7799090	100000000
20	1	3322	7799090	100000000
20	2	9273	7799090	100000000
20	3	24380	7799090	100000000
20	4	60982	7799090	100000000
20	5	140674	7799090	100000000
20	6	295541	7799090	100000000
20	7	560539	7799090	100000000
20	8	976408	7799090	100000000
20	9	1564602	7799090	100000000
20	10	2335630	7799090	100000000
20	11	3255450	7799090	100000000
20	12	4283576	7799090	100000000
20	13	5315325	7799090	100000000
20	14	6265070	7799090	100000000
20	15	7031536	7799090	100000000
20	16	7557983	7799090	100000000
20	17	7799090	7799090	100000000
20	18	7758136	7799090	100000000
20	19	7421666	7799090	100000000
20	20	6861928	7799090	100000000
20	21	6146782	7799090	100000000
20	22	5339982	7799090	100000000
20	23	4498917	7799090	100000000
20	24	3686789	7799090	100000000
20	25	2934267	7799090	100000000
20	26	2269429	7799090	100000000
20	27	1710363	7799090	100000000
20	28	1253258	7799090	100000000
20	29	892427	7799090	100000000
20	30	621983	7799090	100000000
20	31	419295	7799090	100000000
20	32	274981	7799090	100000000
20	33	175481	7799090	100000000
20	34	108541	7799090	100000000
20	35	64387	7799090	100000000
20	36	37555	7799090	100000000
20	37	21180	7799090	100000000
20	38	11210	7799090	100000000
20	39	5976	7799090	100000000
20	40	2882	7799090	100000000
20	41	1349	7799090	100000000
20	42	580	7799090	100000000
20	43	265	7799090	100000000
20	44	79	7799090	100000000
20	45	34	7799090	100000000
20	46	9	7799090	100000000
20	47	2	7799090	100000000

21	0	206	7270307	100000000
21	1	1013	7270307	100000000
21	2	3128	7270307	100000000
21	3	8786	7270307	100000000
21	4	23178	7270307	100000000
21	5	56085	7270307	100000000
21	6	122506	7270307	100000000
21	7	248310	7270307	100000000
21	8	458125	7270307	100000000
21	9	783545	7270307	100000000
21	10	1242164	7270307	100000000
21	11	1853612	7270307	100000000
21	12	2597829	7270307	100000000
21	13	3446419	7270307	100000000
21	14	4345823	7270307	100000000
21	15	5222824	7270307	100000000
21	16	6009608	7270307	100000000
21	17	6648502	7270307	100000000
21	18	7079462	7270307	100000000
21	19	7270307	7270307	100000000
21	20	7221368	7270307	100000000
21	21	6951952	7270307	100000000
21	22	6499381	7270307	100000000
21	23	5907010	7270307	100000000
21	24	5221042	7270307	100000000
21	25	4496068	7270307	100000000
21	26	3769090	7270307	100000000
21	27	3087029	7270307	100000000
21	28	2464264	7270307	100000000
21	29	1924012	7270307	100000000
21	30	1468481	7270307	100000000
21	31	1093611	7270307	100000000
21	32	794448	7270307	100000000
21	33	565561	7270307	100000000
21	34	391809	7270307	100000000
21	35	265173	7270307	100000000
21	36	175118	7270307	100000000
21	37	112850	7270307	100000000
21	38	70740	7270307	100000000
21	39	42927	7270307	100000000
21	40	25490	7270307	100000000
21	41	14665	7270307	100000000
21	42	8024	7270307	100000000
21	43	4328	7270307	100000000
21	44	2259	7270307	100000000
21	45	1044	7270307	100000000
21	46	485	7270307	100000000
21	47	198	7270307	100000000
21	48	97	7270307	100000000
21	49	31	7270307	100000000
21	50	9	7270307	100000000
21	51	4	7270307	100000000

22	0	162	6807670	100000000
22	1	549	6807670	100000000
22	2	1677	6807670	100000000
22	3	4359	6807670	100000000
22	4	10831	6807670	100000000
22	5	26100	6807670	100000000
22	6	57034	6807670	100000000
22	7	116913	6807670	100000000
22	8	222718	6807670	100000000
22	9	394323	6807670	100000000
22	10	655940	6807670	100000000
22	11	1024070	6807670	100000000
22	12	1511452	6807670	100000000
22	13	2116006	6807670	100000000
22	14	2818461	6807670	100000000
22	15	3584728	6807670	100000000
22	16	4368948	6807670	100000000
22	17	5117739	6807670	100000000
22	18	5775318	6807670	100000000
22	19	6302697	6807670	100000000
22	20	6652150	6807670	100000000
22	21	6807670	6807670	100000000
22	22	6767591	6807670	100000000
22	23	6545502	6807670	100000000
22	24	6163275	6807670	100000000
22	25	5660605	6807670	100000000
22	26	5072454	6807670	100000000
22	27	4440417	6807670	100000000
22	28	3798127	6807670	100000000
22	29	3176717	6807670	100000000
22	30	2600364	6807670	100000000
22	31	2087215	6807670	100000000
22	32	1637652	6807670	100000000
22	33	1259226	6807670	100000000
22	34	947495	6807670	100000000
22	35	700168	6807670	100000000
22	36	504692	6807670	100000000
22	37	357326	6807670	100000000
22	38	246973	6807670	100000000
22	39	167922	6807670	100000000
22	40	111262	6807670	100000000
22	41	72402	6807670	100000000
22	42	46010	6807670	100000000
22	43	28308	6807670	100000000
22	44	16788	6807670	100000000
22	45	9846	6807670	100000000
22	46	5444	6807670	100000000
22	47	3201	6807670	100000000
22	48	1618	6807670	100000000
22	49	824	6807670	100000000
22	50	424	6807670	100000000
22	51	186	6807670	100000000
22	52	82	6807670	100000000
22	53	23	6807670	100000000
22	54	13	6807670	100000000
22	55	3	6807670	100000000

23	0	38	6367305	100000000
23	1	145	6367305	100000000
23	2	529	6367305	100000000
23	3	1500	6367305	100000000
23	4	3896	6367305	100000000
23	5	9527	6367305	100000000
23	6	22023	6367305	100000000
23	7	47460	6367305	100000000
23	8	94033	6367305	100000000
23	9	174334	6367305	100000000
23	10	305481	6367305	100000000
23	11	502067	6367305	100000000
23	12	782165	6367305	100000000
23	13	1155769	6367305	100000000
23	14	1627043	6367305	100000000
23	15	2193814	6367305	100000000
23	16	2827927	6367305	100000000
23	17	3510155	6367305	100000000
23	18	4194976	6367305	100000000
23	19	4848501	6367305	100000000
23	20	5420144	6367305	100000000
23	21	5885324	6367305	100000000
23	22	6200205	6367305	100000000
23	23	6366568	6367305	100000000
23	24	6367305	6367305	100000000
23	25	6218009	6367305	100000000
23	26	5921366	6367305	100000000
23	27	5515883	6367305	100000000
23	28	5032743	6367305	100000000
23	29	4487360	6367305	100000000
23	30	3921367	6367305	100000000
23	31	3367466	6367305	100000000
23	32	2833935	6367305	100000000
23	33	2335763	6367305	100000000
23	34	1896218	6367305	100000000
23	35	1503949	6367305	100000000
23	36	1174480	6367305	100000000
23	37	902304	6367305	100000000
23	38	679568	6367305	100000000
23	39	502474	6367305	100000000
23	40	365266	6367305	100000000
23	41	260512	6367305	100000000
23	42	182646	6367305	100000000
23	43	125603	6367305	100000000
23	44	84466	6367305	100000000
23	45	55594	6367305	100000000
23	46	35894	6367305	100000000
23	47	22828	6367305	100000000
23	48	14083	6367305	100000000
23	49	8514	6367305	100000000
23	50	4775	6367305	100000000
23	51	2836	6367305	100000000
23	52	1547	6367305	100000000
23	53	844	6367305	100000000
23	54	415	6367305	100000000
23	55	186	6367305	100000000
23	56	97	6367305	100000000
23	57	53	6367305	100000000
23	58	19	6367305	100000000
23	59	5	6367305	100000000
23	60	3	6367305	100000000

24	0	26	6011707	100000000
24	1	94	6011707	100000000
24	2	342	6011707	100000000
24	3	824	6011707	100000000
24	4	1971	6011707	100000000
24	5	4471	6011707	100000000
24	6	9949	6011707	100000000
24	7	21209	6011707	100000000
24	8	43438	6011707	100000000
24	9	81385	6011707	100000000
24	10	145836	6011707	100000000
24	11	247985	6011707	100000000
24	12	400724	6011707	100000000
24	13	618810	6011707	100000000
24	14	909679	6011707	100000000
24	15	1281895	6011707	100000000
24	16	1732472	6011707	100000000
24	17	2254959	6011707	100000000
24	18	2831981	6011707	100000000
24	19	3439644	6011707	100000000
24	20	4039676	6011707	100000000
24	21	4611185	6011707	100000000
24	22	5118951	6011707	100000000
24	23	5531121	6011707	100000000
24	24	5821664	6011707	100000000
24	25	5983824	6011707	100000000
24	26	6011707	6011707	100000000
24	27	5902576	6011707	100000000
24	28	5677517	6011707	100000000
24	29	5345650	6011707	100000000
24	30	4946584	6011707	100000000
24	31	4484672	6011707	100000000
24	32	3990641	6011707	100000000
24	33	3490158	6011707	100000000
24	34	2995883	6011707	100000000
24	35	2531467	6011707	100000000
24	36	2098617	6011707	100000000
24	37	1715121	6011707	100000000
24	38	1377654	6011707	100000000
24	39	1088190	6011707	100000000
24	40	849188	6011707	100000000
24	41	649986	6011707	100000000
24	42	488821	6011707	100000000
24	43	362935	6011707	100000000
24	44	264076	6011707	100000000
24	45	189178	6011707	100000000
24	46	133622	6011707	100000000
24	47	92829	6011707	100000000
24	48	62913	6011707	100000000
24	49	42357	6011707	100000000
24	50	27736	6011707	100000000
24	51	17756	6011707	100000000
24	52	11066	6011707	100000000
24	53	6924	6011707	100000000
24	54	4372	6011707	100000000
24	55	2473	6011707	100000000
24	56	1510	6011707	100000000
24	57	802	6011707	100000000
24	58	444	6011707	100000000
24	59	229	6011707	100000000
24	60	126	6011707	100000000
24	61	57	6011707	100000000
24	62	28	6011707	100000000
24	63	16	6011707	100000000
24	64	4	6011707	100000000

25	0	6	5663762	100000000
25	1	28	5663762	100000000
25	2	98	5663762	100000000
25	3	223	5663762	100000000
25	4	626	5663762	100000000
25	5	1609	5663762	100000000
25	6	3516	5663762	100000000
25	7	7969	5663762	100000000
25	8	16606	5663762	100000000
25	9	32467	5663762	100000000
25	10	60727	5663762	100000000
25	11	108451	5663762	100000000
25	12	183279	5663762	100000000
25	13	294783	5663762	100000000
25	14	453962	5663762	100000000
25	15	672099	5663762	100000000
25	16	954342	5663762	100000000
25	17	1301538	5663762	100000000
25	18	1714868	5663762	100000000
25	19	2186879	5663762	100000000
25	20	2700143	5663762	100000000
25	21	3238879	5663762	100000000
25	22	3771999	5663762	100000000
25	23	4285544	5663762	100000000
25	24	4745486	5663762	100000000
25	25	5124833	5663762	100000000
25	26	5418820	5663762	100000000
25	27	5595854	5663762	100000000
25	28	5663762	5663762	100000000
25	29	5619196	5663762	100000000
25	30	5473249	5663762	100000000
25	31	5233461	5663762	100000000
25	32	4912274	5663762	100000000
25	33	4526392	5663762	100000000
25	34	4111541	5663762	100000000
25	35	3669564	5663762	100000000
25	36	3224711	5663762	100000000
25	37	2789252	5663762	100000000
25	38	2374770	5663762	100000000
25	39	1994000	5663762	100000000
25	40	1652607	5663762	100000000
25	41	1345621	5663762	100000000
25	42	1081507	5663762	100000000
25	43	857446	5663762	100000000
25	44	668094	5663762	100000000
25	45	515788	5663762	100000000
25	46	391622	5663762	100000000
25	47	292208	5663762	100000000
25	48	215866	5663762	100000000
25	49	156961	5663762	100000000
25	50	112262	5663762	100000000
25	51	79351	5663762	100000000
25	52	54918	5663762	100000000
25	53	37374	5663762	100000000
25	54	25342	5663762	100000000
25	55	16565	5663762	100000000
25	56	11022	5663762	100000000
25	57	6906	5663762	100000000
25	58	4268	5663762	100000000
25	59	2764	5663762	100000000
25	60	1610	5663762	100000000
25	61	901	5663762	100000000
25	62	552	5663762	100000000
25	63	314	5663762	100000000
25	64	156	5663762	100000000
25	65	77	5663762	100000000
25	66	53	5663762	100000000
25	67	23	5663762	100000000
25	68	10	5663762	100000000
25	69	2	5663762	100000000
25	70	3	5663762	100000000
25	71	1	5663762	100000000

26	0	3	5349031	100000000
26	1	19	5349031	100000000
26	2	42	5349031	100000000
26	3	141	5349031	100000000
26	4	346	5349031	100000000
26	5	772	5349031	100000000
26	6	1656	5349031	100000000
26	7	3552	5349031	100000000
26	8	7426	5349031	100000000
26	9	14745	5349031	100000000
26	10	27645	5349031	100000000
26	11	49674	5349031	100000000
26	12	86225	5349031	100000000
26	13	142673	5349031	100000000
26	14	226676	5349031	100000000
26	15	347197	5349031	100000000
26	16	512300	5349031	100000000
26	17	725122	5349031	100000000
26	18	994510	5349031	100000000
26	19	1319142	5349031	100000000
26	20	1704070	5349031	100000000
26	21	2130141	5349031	100000000
26	22	2588538	5349031	100000000
26	23	3070618	5349031	100000000
26	24	3547251	5349031	100000000
26	25	4008341	5349031	100000000
26	26	4424168	5349031	100000000
26	27	4777627	5349031	100000000
26	28	5056624	5349031	100000000
26	29	5252220	5349031	100000000
26	30	5346763	5349031	100000000
26	31	5349031	5349031	100000000
26	32	5257924	5349031	100000000
26	33	5081073	5349031	100000000
26	34	4830413	5349031	100000000
26	35	4519178	5349031	100000000
26	36	4166613	5349031	100000000
26	37	3781770	5349031	100000000
26	38	3385678	5349031	100000000
26	39	2986514	5349031	100000000
26	40	2598345	5349031	100000000
26	41	2229202	5349031	100000000
26	42	1887594	5349031	100000000
26	43	1575885	5349031	100000000
26	44	1301004	5349031	100000000
26	45	1060663	5349031	100000000
26	46	851921	5349031	100000000
26	47	676530	5349031	100000000
26	48	528396	5349031	100000000
26	49	409549	5349031	100000000
26	50	312790	5349031	100000000
26	51	235510	5349031	100000000
26	52	175669	5349031	100000000
26	53	128330	5349031	100000000
26	54	92687	5349031	100000000
26	55	66587	5349031	100000000
26	56	47053	5349031	100000000
26	57	32557	5349031	100000000
26	58	22334	5349031	100000000
26	59	15322	5349031	100000000
26	60	10089	5349031	100000000
26	61	6506	5349031	100000000
26	62	4259	5349031	100000000
26	63	2652	5349031	100000000
26	64	1694	5349031	100000000
26	65	1025	5349031	100000000
26	66	612	5349031	100000000
26	67	371	5349031	100000000
26	68	197	5349031	100000000
26	69	113	5349031	100000000
26	70	64	5349031	100000000
26	71	35	5349031	100000000
26	72	17	5349031	100000000
26	73	11	5349031	100000000
26	74	2	5349031	100000000
26	75	1	5349031	100000000
26	76	3	5349031	100000000

27	0	1	5070657	100000000
27	1	4	5070657	100000000
27	2	18	5070657	100000000
27	3	47	5070657	100000000
27	4	107	5070657	100000000
27	5	259	5070657	100000000
27	6	578	5070657	100000000
27	7	1200	5070657	100000000
27	8	2679	5070657	100000000
27	9	5402	5070657	100000000
27	10	10562	5070657	100000000
27	11	20133	5070657	100000000
27	12	35738	5070657	100000000
27	13	61200	5070657	100000000
27	14	100904	5070657	100000000
27	15	160574	5070657	100000000
27	16	245868	5070657	100000000
27	17	364419	5070657	100000000
27	18	521836	5070657	100000000
27	19	719080	5070657	100000000
27	20	967340	5070657	100000000
27	21	1259980	5070657	100000000
27	22	1602784	5070657	100000000
27	23	1982616	5070657	100000000
27	24	2393666	5070657	100000000
27	25	2822892	5070657	100000000
27	26	3252051	5070657	100000000
27	27	3666761	5070657	100000000
27	28	4055994	5070657	100000000
27	29	4392802	5070657	100000000
27	30	4674710	5070657	100000000
27	31	4892115	5070657	100000000
27	32	5024415	5070657	100000000
27	33	5070657	5070657	100000000
27	34	5042895	5070657	100000000
27	35	4935637	5070657	100000000
27	36	4758688	5070657	100000000
27	37	4521706	5070657	100000000
27	38	4239900	5070657	100000000
27	39	3919746	5070657	100000000
27	40	3573414	5070657	100000000
27	41	3217393	5070657	100000000
27	42	2860799	5070657	100000000
27	43	2512597	5070657	100000000
27	44	2180069	5070657	100000000
27	45	1867818	5070657	100000000
27	46	1580596	5070657	100000000
27	47	1322771	5070657	100000000
27	48	1092413	5070657	100000000
27	49	893505	5070657	100000000
27	50	723861	5070657	100000000
27	51	576527	5070657	100000000
27	52	455153	5070657	100000000
27	53	355868	5070657	100000000
27	54	274834	5070657	100000000
27	55	210651	5070657	100000000
27	56	158125	5070657	100000000
27	57	118704	5070657	100000000
27	58	87128	5070657	100000000
27	59	63130	5070657	100000000
27	60	45338	5070657	100000000
27	61	32234	5070657	100000000
27	62	22518	5070657	100000000
27	63	15602	5070657	100000000
27	64	10765	5070657	100000000
27	65	7169	5070657	100000000
27	66	4691	5070657	100000000
27	67	3070	5070657	100000000
27	68	2020	5070657	100000000
27	69	1312	5070657	100000000
27	70	803	5070657	100000000
27	71	484	5070657	100000000
27	72	286	5070657	100000000
27	73	186	5070657	100000000
27	74	95	5070657	100000000
27	75	50	5070657	100000000
27	76	26	5070657	100000000
27	77	17	5070657	100000000
27	78	5	5070657	100000000
27	79	4	5070657	100000000
27	80	3	5070657	100000000
27	81	1	5070657	100000000
27	82	0	5070657	100000000
27	83	0	5070657	100000000
27	84	0	5070657	100000000
27	85	1	5070657	100000000

28	1	3	4815381	100000000
28	2	12	4815381	100000000
28	3	20	4815381	100000000
28	4	58	4815381	100000000
28	5	146	4815381	100000000
28	6	272	4815381	100000000
28	7	590	4815381	100000000
28	8	1214	4815381	100000000
28	9	2435	4815381	100000000
28	10	4740	4815381	100000000
28	11	8943	4815381	100000000
28	12	15922	4815381	100000000
28	13	27520	4815381	100000000
28	14	46729	4815381	100000000
28	15	75479	4815381	100000000
28	16	118572	4815381	100000000
28	17	181688	4815381	100000000
28	18	267764	4815381	100000000
28	19	383633	4815381	100000000
28	20	532685	4815381	100000000
28	21	718555	4815381	100000000
28	22	947410	4815381	100000000
28	23	1215796	4815381	100000000
28	24	1520826	4815381	100000000
28	25	1863750	4815381	100000000
28	26	2230769	4815381	100000000
28	27	2614222	4815381	100000000
28	28	3002713	4815381	100000000
28	29	3378179	4815381	100000000
28	30	3736293	4815381	100000000
28	31	4062181	4815381	100000000
28	32	4333522	4815381	100000000
28	33	4556996	4815381	100000000
28	34	4710221	4815381	100000000
28	35	4799579	4815381	100000000
28	36	4815381	4815381	100000000
28	37	4764728	4815381	100000000
28	38	4646054	4815381	100000000
28	39	4471627	4815381	100000000
28	40	4251115	4815381	100000000
28	41	3989386	4815381	100000000
28	42	3695992	4815381	100000000
28	43	3383067	4815381	100000000
28	44	3062170	4815381	100000000
28	45	2738251	4815381	100000000
28	46	2422949	4815381	100000000
28	47	2118609	4815381	100000000
28	48	1833291	4815381	100000000
28	49	1566740	4815381	100000000
28	50	1328117	4815381	100000000
28	51	1111927	4815381	100000000
28	52	920687	4815381	100000000
28	53	756684	4815381	100000000
28	54	612999	4815381	100000000
28	55	493440	4815381	100000000
28	56	391451	4815381	100000000
28	57	309110	4815381	100000000
28	58	239982	4815381	100000000
28	59	184880	4815381	100000000
28	60	141275	4815381	100000000
28	61	106236	4815381	100000000
28	62	79575	4815381	100000000
28	63	59004	4815381	100000000
28	64	43244	4815381	100000000
28	65	30958	4815381	100000000
28	66	22452	4815381	100000000
28	67	15792	4815381	100000000
28	68	10883	4815381	100000000
28	69	7515	4815381	100000000
28	70	5211	4815381	100000000
28	71	3497	4815381	100000000
28	72	2250	4815381	100000000
28	73	1538	4815381	100000000
28	74	957	4815381	100000000
28	75	611	4815381	100000000
28	76	363	4815381	100000000
28	77	226	4815381	100000000
28	78	152	4815381	100000000
28	79	73	4815381	100000000
28	80	61	4815381	100000000
28	81	27	4815381	100000000
28	82	14	4815381	100000000
28	83	5	4815381	100000000
28	84	3	4815381	100000000
28	85	4	4815381	100000000

29	2	6	4566533	100000000
29	3	2	4566533	100000000
29	4	19	4566533	100000000
29	5	36	4566533	100000000
29	6	99	4566533	100000000
29	7	212	4566533	100000000
29	8	439	4566533	100000000
29	9	846	4566533	100000000
29	10	1705	4566533	100000000
29	11	3349	4566533	100000000
29	12	6034	4566533	100000000
29	13	10644	4566533	100000000
29	14	18888	4566533	100000000
29	15	31952	4566533	100000000
29	16	51761	4566533	100000000
29	17	80964	4566533	100000000
29	18	124553	4566533	100000000
29	19	183998	4566533	100000000
29	20	265103	4566533	100000000
29	21	371568	4566533	100000000
29	22	507990	4566533	100000000
29	23	675606	4566533	100000000
29	24	879031	4566533	100000000
29	25	1115774	4566533	100000000
29	26	1387144	4566533	100000000
29	27	1690623	4566533	100000000
29	28	2012490	4566533	100000000
29	29	2354751	4566533	100000000
29	30	2703771	4566533	100000000
29	31	3051270	4566533	100000000
29	32	3384480	4566533	100000000
29	33	3693252	4566533	100000000
29	34	3967189	4566533	100000000
29	35	4199600	4566533	100000000
29	36	4376046	4566533	100000000
29	37	4503887	4566533	100000000
29	38	4562788	4566533	100000000
29	39	4566533	4566533	100000000
29	40	4518675	4566533	100000000
29	41	4408539	4566533	100000000
29	42	4247650	4566533	100000000
29	43	4048590	4566533	100000000
29	44	3816447	4566533	100000000
29	45	3553058	4566533	100000000
29	46	3275613	4566533	100000000
29	47	2985453	4566533	100000000
29	48	2693642	4566533	100000000
29	49	2403428	4566533	100000000
29	50	2124678	4566533	100000000
29	51	1860851	4566533	100000000
29	52	1611935	4566533	100000000
29	53	1382880	4566533	100000000
29	54	1174075	4566533	100000000
29	55	988254	4566533	100000000
29	56	824590	4566533	100000000
29	57	681775	4566533	100000000
29	58	558326	4566533	100000000
29	59	453216	4566533	100000000
29	60	363790	4566533	100000000
29	61	289959	4566533	100000000
29	62	228880	4566533	100000000
29	63	177407	4566533	100000000
29	64	138033	4566533	100000000
29	65	105401	4566533	100000000
29	66	80605	4566533	100000000
29	67	60194	4566533	100000000
29	68	44666	4566533	100000000
29	69	33321	4566533	100000000
29	70	24135	4566533	100000000
29	71	17286	4566533	100000000
29	72	12417	4566533	100000000
29	73	8773	4566533	100000000
29	74	6255	4566533	100000000
29	75	4274	4566533	100000000
29	76	2952	4566533	100000000
29	77	1965	4566533	100000000
29	78	1310	4566533	100000000
29	79	854	4566533	100000000
29	80	534	4566533	100000000
29	81	373	4566533	100000000
29	82	214	4566533	100000000
29	83	133	4566533	100000000
29	84	86	4566533	100000000
29	85	47	4566533	100000000
29	86	26	4566533	100000000
29	87	12	4566533	100000000
29	88	8	4566533	100000000
29	89	6	4566533	100000000
29	90	3	4566533	100000000
29	91	1	4566533	100000000
29	92	1	4566533	100000000
29	93	1	4566533	100000000

30	3	7	4352795	100000000
30	4	9	4352795	100000000
30	5	24	4352795	100000000
30	6	48	4352795	100000000
30	7	94	4352795	100000000
30	8	206	4352795	100000000
30	9	377	4352795	100000000
30	10	796	4352795	100000000
30	11	1404	4352795	100000000
30	12	2637	4352795	100000000
30	13	4853	4352795	100000000
30	14	8312	4352795	100000000
30	15	14195	4352795	100000000
30	16	23241	4352795	100000000
30	17	37481	4352795	100000000
30	18	58552	4352795	100000000
30	19	88665	4352795	100000000
30	20	131395	4352795	100000000
30	21	188996	4352795	100000000
30	22	265735	4352795	100000000
30	23	364831	4352795	100000000
30	24	490566	4352795	100000000
30	25	641834	4352795	100000000
30	26	824481	4352795	100000000
30	27	1036325	4352795	100000000
30	28	1274151	4352795	100000000
30	29	1545022	4352795	100000000
30	30	1834611	4352795	100000000
30	31	2138144	4352795	100000000
30	32	2456709	4352795	100000000
30	33	2767183	4352795	100000000
30	34	3080876	4352795	100000000
30	35	3371997	4352795	100000000
30	36	3639242	4352795	100000000
30	37	3872753	4352795	100000000
30	38	4063947	4352795	100000000
30	39	4210691	4352795	100000000
30	40	4308238	4352795	100000000
30	41	4352154	4352795	100000000
30	42	4352795	4352795	100000000
30	43	4296489	4352795	100000000
30	44	4190886	4352795	100000000
30	45	4048211	4352795	100000000
30	46	3863992	4352795	100000000
30	47	3653834	4352795	100000000
30	48	3418959	4352795	100000000
30	49	3166594	4352795	100000000
30	50	2906313	4352795	100000000
30	51	2635498	4352795	100000000
30	52	2374426	4352795	100000000
30	53	2116827	4352795	100000000
30	54	1869809	4352795	100000000
30	55	1639555	4352795	100000000
30	56	1420717	4352795	100000000
30	57	1222320	4352795	100000000
30	58	1040883	4352795	100000000
30	59	881646	4352795	100000000
30	60	737804	4352795	100000000
30	61	614134	4352795	100000000
30	62	504568	4352795	100000000
30	63	412429	4352795	100000000
30	64	335007	4352795	100000000
30	65	268233	4352795	100000000
30	66	213465	4352795	100000000
30	67	169081	4352795	100000000
30	68	132577	4352795	100000000
30	69	102456	4352795	100000000
30	70	79195	4352795	100000000
30	71	60248	4352795	100000000
30	72	45714	4352795	100000000
30	73	34265	4352795	100000000
30	74	25449	4352795	100000000
30	75	18677	4352795	100000000
30	76	13806	4352795	100000000
30	77	9672	4352795	100000000
30	78	6905	4352795	100000000
30	79	5100	4352795	100000000
30	80	3327	4352795	100000000
30	81	2420	4352795	100000000
30	82	1650	4352795	100000000
30	83	1125	4352795	100000000
30	84	759	4352795	100000000
30	85	510	4352795	100000000
30	86	344	4352795	100000000
30	87	216	4352795	100000000
30	88	130	4352795	100000000
30	89	76	4352795	100000000
30	90	48	4352795	100000000
30	91	29	4352795	100000000
30	92	21	4352795	100000000
30	93	14	4352795	100000000
30	94	2	4352795	100000000
30	95	2	4352795	100000000
30	96	0	4352795	100000000
30	97	1	4352795	100000000
30	98	0	4352795	100000000
30	99	1	4352795	100000000
30	100	0	4352795	100000000
30	101	0	4352795	100000000
30	102	1	4352795	100000000

31	5	8	4146150	100000000
31	6	13	4146150	100000000
31	7	30	4146150	100000000
31	8	65	4146150	100000000
31	9	127	4146150	100000000
31	10	260	4146150	100000000
31	11	526	4146150	100000000
31	12	984	4146150	100000000
31	13	1800	4146150	100000000
31	14	3182	4146150	100000000
31	15	5415	4146150	100000000
31	16	9208	4146150	100000000
31	17	15261	4146150	100000000
31	18	24697	4146150	100000000
31	19	38765	4146150	100000000
31	20	58696	4146150	100000000
31	21	87417	4146150	100000000
31	22	126523	4146150	100000000
31	23	179040	4146150	100000000
31	24	249023	4146150	100000000
31	25	337224	4146150	100000000
31	26	446106	4146150	100000000
31	27	580679	4146150	100000000
31	28	738082	4146150	100000000
31	29	922583	4146150	100000000
31	30	1133078	4146150	100000000
31	31	1366162	4146150	100000000
31	32	1620238	4146150	100000000
31	33	1889557	4146150	100000000
31	34	2176017	4146150	100000000
31	35	2459102	4146150	100000000
31	36	2744218	4146150	100000000
31	37	3022087	4146150	100000000
31	38	3283069	4146150	100000000
31	39	3516437	4146150	100000000
31	40	3726580	4146150	100000000
31	41	3893045	4146150	100000000
31	42	4022063	4146150	100000000
31	43	4108084	4146150	100000000
31	44	4146150	4146150	100000000
31	45	4144478	4146150	100000000
31	46	4098180	4146150	100000000
31	47	4012126	4146150	100000000
31	48	3886872	4146150	100000000
31	49	3732556	4146150	100000000
31	50	3545640	4146150	100000000
31	51	3340249	4146150	100000000
31	52	3114585	4146150	100000000
31	53	2880920	4146150	100000000
31	54	2639589	4146150	100000000
31	55	2396442	4146150	100000000
31	56	2158996	4146150	100000000
31	57	1926430	4146150	100000000
31	58	1709042	4146150	100000000
31	59	1501661	4146150	100000000
31	60	1308107	4146150	100000000
31	61	1131762	4146150	100000000
31	62	969121	4146150	100000000
31	63	826527	4146150	100000000
31	64	698865	4146150	100000000
31	65	583585	4146150	100000000
31	66	485318	4146150	100000000
31	67	401333	4146150	100000000
31	68	328288	4146150	100000000
31	69	267054	4146150	100000000
31	70	214655	4146150	100000000
31	71	172639	4146150	100000000
31	72	137569	4146150	100000000
31	73	107974	4146150	100000000
31	74	84269	4146150	100000000
31	75	65648	4146150	100000000
31	76	50194	4146150	100000000
31	77	38274	4146150	100000000
31	78	29043	4146150	100000000
31	79	21677	4146150	100000000
31	80	16369	4146150	100000000
31	81	12106	4146150	100000000
31	82	8681	4146150	100000000
31	83	6328	4146150	100000000
31	84	4538	4146150	100000000
31	85	3366	4146150	100000000
31	86	2308	4146150	100000000
31	87	1638	4146150	100000000
31	88	1137	4146150	100000000
31	89	772	4146150	100000000
31	90	528	4146150	100000000
31	91	312	4146150	100000000
31	92	236	4146150	100000000
31	93	155	4146150	100000000
31	94	96	4146150	100000000
31	95	66	4146150	100000000
31	96	33	4146150	100000000
31	97	27	4146150	100000000
31	98	10	4146150	100000000
31	99	8	4146150	100000000
31	100	5	4146150	100000000
31	101	4	4146150	100000000
31	102	1	4146150	100000000
31	103	1	4146150	100000000

32	3	4	3966991	100000000
32	4	5	3966991	100000000
32	5	1	3966991	100000000
32	6	11	3966991	100000000
32	7	15	3966991	100000000
32	8	23	3966991	100000000
32	9	70	3966991	100000000
32	10	96	3966991	100000000
32	11	213	3966991	100000000
32	12	407	3966991	100000000
32	13	713	3966991	100000000
32	14	1354	3966991	100000000
32	15	2379	3966991	100000000
32	16	3948	3966991	100000000
32	17	6640	3966991	100000000
32	18	10885	3966991	100000000
32	19	17257	3966991	100000000
32	20	26901	3966991	100000000
32	21	40599	3966991	100000000
32	22	60313	3966991	100000000
32	23	87619	3966991	100000000
32	24	124629	3966991	100000000
32	25	172864	3966991	100000000
32	26	235255	3966991	100000000
32	27	314224	3966991	100000000
32	28	412859	3966991	100000000
32	29	529369	3966991	100000000
32	30	668923	3966991	100000000
32	31	831796	3966991	100000000
32	32	1016194	3966991	100000000
32	33	1221200	3966991	100000000
32	34	1446120	3966991	100000000
32	35	1684894	3966991	100000000
32	36	1939509	3966991	100000000
32	37	2200676	3966991	100000000
32	38	2464173	3966991	100000000
32	39	2721405	3966991	100000000
32	40	2966393	3966991	100000000
32	41	3199780	3966991	100000000
32	42	3406106	3966991	100000000
32	43	3589868	3966991	100000000
32	44	3737435	3966991	100000000
32	45	3853545	3966991	100000000
32	46	3925582	3966991	100000000
32	47	3966991	3966991	100000000
32	48	3963695	3966991	100000000
32	49	3921897	3966991	100000000
32	50	3847914	3966991	100000000
32	51	3742041	3966991	100000000
32	52	3601255	3966991	100000000
32	53	3437695	3966991	100000000
32	54	3255188	3966991	100000000
32	55	3051290	3966991	100000000
32	56	2839426	3966991	100000000
32	57	2622397	3966991	100000000
32	58	2400633	3966991	100000000
32	59	2182474	3966991	100000000
32	60	1969463	3966991	100000000
32	61	1757575	3966991	100000000
32	62	1562202	3966991	100000000
32	63	1378839	3966991	100000000
32	64	1204724	3966991	100000000
32	65	1045083	3966991	100000000
32	66	902340	3966991	100000000
32	67	772341	3966991	100000000
32	68	656503	3966991	100000000
32	69	553600	3966991	100000000
32	70	464502	3966991	100000000
32	71	386201	3966991	100000000
32	72	318437	3966991	100000000
32	73	261919	3966991	100000000
32	74	212791	3966991	100000000
32	75	171885	3966991	100000000
32	76	137477	3966991	100000000
32	77	110593	3966991	100000000
32	78	87632	3966991	100000000
32	79	68943	3966991	100000000
32	80	53618	3966991	100000000
32	81	41509	3966991	100000000
32	82	32086	3966991	100000000
32	83	24182	3966991	100000000
32	84	18542	3966991	100000000
32	85	13775	3966991	100000000
32	86	10598	3966991	100000000
32	87	7628	3966991	100000000
32	88	5734	3966991	100000000
32	89	4224	3966991	100000000
32	90	3007	3966991	100000000
32	91	2049	3966991	100000000
32	92	1486	3966991	100000000
32	93	1066	3966991	100000000
32	94	759	3966991	100000000
32	95	481	3966991	100000000
32	96	360	3966991	100000000
32	97	248	3966991	100000000
32	98	169	3966991	100000000
32	99	83	3966991	100000000
32	100	70	3966991	100000000
32	101	50	3966991	100000000
32	102	27	3966991	100000000
32	103	18	3966991	100000000
32	104	8	3966991	100000000
32	105	8	3966991	100000000
32	106	4	3966991	100000000
32	107	2	3966991	100000000
32	108	4	3966991	100000000
32	109	3	3966991	100000000
32	110	1	3966991	100000000
32	111	2	3966991	100000000
32	112	0	3966991	100000000
32	113	0	3966991	100000000
32	114	1	3966991	100000000

33	8	13	3793423	100000000
33	9	22	3793423	100000000
33	10	33	3793423	100000000
33	11	87	3793423	100000000
33	12	147	3793423	100000000
33	13	255	3793423	100000000
33	14	485	3793423	100000000
33	15	863	3793423	100000000
33	16	1505	3793423	100000000
33	17	2562	3793423	100000000
33	18	4254	3793423	100000000
33	19	6954	3793423	100000000
33	20	10787	3793423	100000000
33	21	17265	3793423	100000000
33	22	25896	3793423	100000000
33	23	38993	3793423	100000000
33	24	56499	3793423	100000000
33	25	80630	3793423	100000000
33	26	113513	3793423	100000000
33	27	155650	3793423	100000000
33	28	209770	3793423	100000000
33	29	279205	3793423	100000000
33	30	362068	3793423	100000000
33	31	463643	3793423	100000000
33	32	582704	3793423	100000000
33	33	721571	3793423	100000000
33	34	880195	3793423	100000000
33	35	1056675	3793423	100000000
33	36	1252551	3793423	100000000
33	37	1466157	3793423	100000000
33	38	1689267	3793423	100000000
33	39	1922124	3793423	100000000
33	40	2160452	3793423	100000000
33	41	2398471	3793423	100000000
33	42	2633669	3793423	100000000
33	43	2858322	3793423	100000000
33	44	3062989	3793423	100000000
33	45	3257360	3793423	100000000
33	46	3422195	3793423	100000000
33	47	3560770	3793423	100000000
33	48	3667728	3793423	100000000
33	49	3746971	3793423	100000000
33	50	3781925	3793423	100000000
33	51	3793423	3793423	100000000
33	52	3763256	3793423	100000000
33	53	3707493	3793423	100000000
33	54	3619151	3793423	100000000
33	55	3503003	3793423	100000000
33	56	3364484	3793423	100000000
33	57	3206923	3793423	100000000
33	58	3027757	3793423	100000000
33	59	2840671	3793423	100000000
33	60	2642821	3793423	100000000
33	61	2445527	3793423	100000000
33	62	2240807	3793423	100000000
33	63	2040504	3793423	100000000
33	64	1845052	3793423	100000000
33	65	1658455	3793423	100000000
33	66	1479853	3793423	100000000
33	67	1308389	3793423	100000000
33	68	1152902	3793423	100000000
33	69	1008934	3793423	100000000
33	70	875403	3793423	100000000
33	71	752878	3793423	100000000
33	72	646366	3793423	100000000
33	73	550396	3793423	100000000
33	74	465643	3793423	100000000
33	75	391203	3793423	100000000
33	76	326469	3793423	100000000
33	77	271247	3793423	100000000
33	78	223444	3793423	100000000
33	79	182728	3793423	100000000
33	80	149868	3793423	100000000
33	81	120541	3793423	100000000
33	82	96395	3793423	100000000
33	83	77093	3793423	100000000
33	84	61275	3793423	100000000
33	85	48278	3793423	100000000
33	86	37448	3793423	100000000
33	87	29404	3793423	100000000
33	88	22697	3793423	100000000
33	89	17530	3793423	100000000
33	90	13278	3793423	100000000
33	91	9968	3793423	100000000
33	92	7626	3793423	100000000
33	93	5506	3793423	100000000
33	94	4030	3793423	100000000
33	95	3101	3793423	100000000
33	96	2263	3793423	100000000
33	97	1543	3793423	100000000
33	98	1167	3793423	100000000
33	99	794	3793423	100000000
33	100	557	3793423	100000000
33	101	401	3793423	100000000
33	102	246	3793423	100000000
33	103	173	3793423	100000000
33	104	149	3793423	100000000
33	105	102	3793423	100000000
33	106	68	3793423	100000000
33	107	36	3793423	100000000
33	108	25	3793423	100000000
33	109	20	3793423	100000000
33	110	11	3793423	100000000
33	111	7	3793423	100000000
33	112	2	3793423	100000000
33	113	2	3793423	100000000
33	114	2	3793423	100000000
33	115	2	3793423	100000000
33	116	1	3793423	100000000

