size	value	prob

3	0	1

4	0	0.166641
4	1	0.499975
4	2	1

5	0	0.105303
5	1	0.38598
5	2	1

6	0	0.0260947
6	1	0.126047
6	2	0.489142
6	3	0.797868
6	4	0.945598
6	5	1

7	0	0.0146113
7	1	0.0718862
7	2	0.302128
7	3	0.61473
7	4	0.861067
7	5	1

8	0	0.0042629
8	1	0.02555
8	2	0.133197
8	3	0.337812
8	4	0.593233
8	5	0.814872
8	6	0.93173
8	7	0.982118
8	8	0.997146
8	9	1

9	0	0.00210694
9	1	0.0124557
9	2	0.0642895
9	3	0.190937
9	4	0.39642
9	5	0.630745
9	6	0.815958
9	7	0.925631
9	8	0.981602
9	9	1

10	0	0.00058363
10	1	0.00407989
10	2	0.0238408
10	3	0.0839126
10	4	0.20824
10	5	0.39213
10	6	0.590002
10	7	0.756101
10	8	0.876562
10	9	0.947627
10	10	0.98109
10	11	0.99438
10	12	0.998949
10	13	0.999897
10	14	1

11	0	0.000266714
11	1	0.00180667
11	2	0.0100265
11	3	0.0384611
11	4	0.107722
11	5	0.231011
11	6	0.39596
11	7	0.572004
11	8	0.731001
11	9	0.851439
11	10	0.92809
11	11	0.969794
11	12	0.989868
11	13	0.997852
11	14	1

12	0	7.04002e-05
12	1	0.000539961
12	2	0.00325051
12	3	0.0140517
12	4	0.0450657
12	5	0.111128
12	6	0.218697
12	7	0.359638
12	8	0.516251
12	9	0.66508
12	10	0.787388
12	11	0.875737
12	12	0.934044
12	13	0.968793
12	14	0.986958
12	15	0.995263
12	16	0.998576
12	17	0.999663
12	18	0.999954
12	19	1

13	0	2.90011e-05
13	1	0.000220118
13	2	0.00126459
13	3	0.00560409
13	4	0.019323
13	5	0.0524812
13	6	0.115164
13	7	0.211585
13	8	0.337613
13	9	0.479283
13	10	0.618422
13	11	0.73957
13	12	0.835277
13	13	0.904248
13	14	0.949138
13	15	0.975458
13	16	0.989396
13	17	0.996022
13	18	0.998811
13	19	0.999761
13	20	1

14	0	7.22e-06
14	1	6.082e-05
14	2	0.00037285
14	3	0.00178748
14	4	0.0068219
14	5	0.0206447
14	6	0.0507017
14	7	0.104338
14	8	0.185782
14	9	0.292734
14	10	0.416129
14	11	0.543024
14	12	0.661794
14	13	0.764043
14	14	0.845072
14	15	0.904192
14	16	0.944251
14	17	0.96964
14	18	0.984722
14	19	0.992961
14	20	0.997077
14	21	0.998919
14	22	0.999658
14	23	0.999914
14	24	0.999984
14	25	0.999998
14	26	1

15	0	2.81001e-06
15	1	2.35801e-05
15	2	0.000136761
15	3	0.000655492
15	4	0.00256807
15	5	0.00827876
15	6	0.0220357
15	7	0.049587
15	8	0.096826
15	9	0.167184
15	10	0.259651
15	11	0.368419
15	12	0.484795
15	13	0.599365
15	14	0.703622
15	15	0.791515
15	16	0.860659
15	17	0.91172
15	18	0.947253
15	19	0.970386
15	20	0.984512
15	21	0.992475
15	22	0.996644
15	23	0.998659
15	24	0.999533
15	25	0.999868
15	26	0.999974
15	27	1

16	0	8.5e-07
16	1	6.06e-06
16	2	3.759e-05
16	3	0.00018803
16	4	0.00079713
16	5	0.00277872
16	6	0.00808991
16	7	0.0200317
16	8	0.0429555
16	9	0.0814371
16	10	0.138599
16	11	0.214675
16	12	0.306843
16	13	0.409604
16	14	0.515915
16	15	0.618236
16	16	0.710659
16	17	0.78939
16	18	0.852934
16	19	0.901676
16	20	0.937072
16	21	0.961503
16	22	0.977536
16	23	0.987552
16	24	0.993478
16	25	0.996798
16	26	0.998542
16	27	0.99939
16	28	0.999772
16	29	0.999924
16	30	0.999979
16	31	0.999995
16	32	0.999999
16	33	1

17	0	1.7e-07
17	1	1.87e-06
17	2	1.29e-05
17	3	6.408e-05
17	4	0.00027352
17	5	0.0009853
17	6	0.0030345
17	7	0.00803089
17	8	0.0185745
17	9	0.0380867
17	10	0.0701278
17	11	0.117424
17	12	0.181063
17	13	0.259944
17	14	0.350607
17	15	0.447887
17	16	0.54579
17	17	0.638828
17	18	0.722728
17	19	0.794686
17	20	0.853486
17	21	0.899304
17	22	0.933401
17	23	0.957683
17	24	0.974263
17	25	0.985052
17	26	0.991754
17	27	0.995702
17	28	0.997883
17	29	0.999033
17	30	0.999592
17	31	0.999845
17	32	0.999949
17	33	0.999986
17	34	0.999997
17	35	1

18	0	1.6e-07
18	1	5.8e-07
18	2	3.15e-06
18	3	1.701e-05
18	4	7.665e-05
18	5	0.00029424
18	6	0.00097183
18	7	0.00277834
18	8	0.00693251
18	9	0.0153793
18	10	0.0306562
18	11	0.0555495
18	12	0.0925774
18	13	0.14323
18	14	0.207567
18	15	0.283902
18	16	0.369021
18	17	0.458642
18	18	0.548241
18	19	0.633671
18	20	0.711543
18	21	0.779506
18	22	0.836382
18	23	0.882215
18	24	0.917771
18	25	0.944415
18	26	0.963645
18	27	0.977019
18	28	0.985989
18	29	0.991776
18	30	0.995367
18	31	0.997511
18	32	0.998722
18	33	0.999382
18	34	0.999721
18	35	0.999883
18	36	0.999954
18	37	0.999985
18	38	0.999995
18	39	0.999999
18	40	1
18	41	1

19	0	3e-08
19	1	2.5e-07
19	2	1.32e-06
19	3	6.21e-06
19	4	2.534e-05
19	5	9.634e-05
19	6	0.00033045
19	7	0.00098465
19	8	0.00259507
19	9	0.0061197
19	10	0.0130164
19	11	0.0252459
19	12	0.044981
19	13	0.0744445
19	14	0.115261
19	15	0.168047
19	16	0.232276
19	17	0.306078
19	18	0.386659
19	19	0.470513
19	20	0.554052
19	21	0.633752
19	22	0.706777
19	23	0.771339
19	24	0.82633
19	25	0.871646
19	26	0.907752
19	27	0.93556
19	28	0.956251
19	29	0.971194
19	30	0.981625
19	31	0.988673
19	32	0.993252
19	33	0.996126
19	34	0.997874
19	35	0.998888
19	36	0.999445
19	37	0.99974
19	38	0.999885
19	39	0.999954
19	40	0.999983
19	41	0.999994
19	42	0.999999
19	43	1
19	44	1

20	1	6e-08
20	2	3.1e-07
20	3	1.59e-06
20	4	6.7e-06
20	5	2.653e-05
20	6	9.469e-05
20	7	0.00029683
20	8	0.00083258
20	9	0.00211265
20	10	0.0048151
20	11	0.0100175
20	12	0.0191351
20	13	0.0338772
20	14	0.0560388
20	15	0.0871913
20	16	0.128366
20	17	0.179812
20	18	0.2408
20	19	0.309837
20	20	0.384519
20	21	0.462107
20	22	0.539606
20	23	0.614211
20	24	0.683686
20	25	0.746365
20	26	0.801115
20	27	0.847496
20	28	0.885725
20	29	0.916313
20	30	0.940123
20	31	0.958197
20	32	0.971517
20	33	0.981096
20	34	0.98778
20	35	0.992319
20	36	0.995306
20	37	0.99722
20	38	0.998413
20	39	0.999125
20	40	0.999533
20	41	0.999764
20	42	0.999886
20	43	0.999948
20	44	0.999978
20	45	0.999992
20	46	0.999997
20	47	0.999999
20	48	1
20	49	1

21	0	1e-08
21	1	2e-08
21	2	9e-08
21	3	6e-07
21	4	2.35e-06
21	5	8.87e-06
21	6	3.077e-05
21	7	9.614e-05
21	8	0.00028172
21	9	0.00074291
21	10	0.0017803
21	11	0.00390552
21	12	0.00789406
21	13	0.0148218
21	14	0.0260088
21	15	0.042898
21	16	0.0669328
21	17	0.0991908
21	18	0.140421
21	19	0.190582
21	20	0.248976
21	21	0.314195
21	22	0.38435
21	23	0.457035
21	24	0.529901
21	25	0.600581
21	26	0.667153
21	27	0.728032
21	28	0.782128
21	29	0.828917
21	30	0.868405
21	31	0.900834
21	32	0.926818
21	33	0.947151
21	34	0.962691
21	35	0.974245
21	36	0.982623
21	37	0.988565
21	38	0.992666
21	39	0.995421
21	40	0.997223
21	41	0.998365
21	42	0.999068
21	43	0.99949
21	44	0.999733
21	45	0.999865
21	46	0.999935
21	47	0.999971
21	48	0.999988
21	49	0.999995
21	50	0.999998
21	51	1
21	52	1
21	53	1

22	1	1e-08
22	2	2e-08
22	3	8e-08
22	4	3.7e-07
22	5	2.06e-06
22	6	8.36e-06
22	7	2.671e-05
22	8	8.186e-05
22	9	0.00022808
22	10	0.00057591
22	11	0.00134024
22	12	0.00287615
22	13	0.00572782
22	14	0.0106772
22	15	0.0186769
22	16	0.0308744
22	17	0.048459
22	18	0.0725321
22	19	0.103939
22	20	0.143141
22	21	0.190115
22	22	0.244235
22	23	0.304445
22	24	0.369127
22	25	0.436449
22	26	0.504576
22	27	0.571464
22	28	0.635441
22	29	0.695008
22	30	0.749101
22	31	0.797148
22	32	0.838781
22	33	0.874113
22	34	0.903414
22	35	0.92721
22	36	0.946132
22	37	0.960851
22	38	0.972089
22	39	0.980457
22	40	0.986588
22	41	0.990993
22	42	0.994073
22	43	0.99618
22	44	0.997602
22	45	0.998533
22	46	0.999123
22	47	0.999491
22	48	0.999715
22	49	0.999847
22	50	0.99992
22	51	0.99996
22	52	0.999981
22	53	0.999992
22	54	0.999997
22	55	0.999999
22	56	1
22	57	1
22	58	1
22	59	1

23	2	1e-08
23	3	3e-08
23	4	2.4e-07
23	5	5.4e-07
23	6	2e-06
23	7	7.99e-06
23	8	2.557e-05
23	9	7.363e-05
23	10	0.00019092
23	11	0.0004595
23	12	0.00103594
23	13	0.00216987
23	14	0.0042443
23	15	0.00781992
23	16	0.0136251
23	17	0.0225364
23	18	0.0355188
23	19	0.0535096
23	20	0.0774549
23	21	0.107994
23	22	0.145438
23	23	0.189727
23	24	0.240419
23	25	0.296536
23	26	0.356941
23	27	0.420073
23	28	0.484291
23	29	0.548002
23	30	0.6096
23	31	0.667848
23	32	0.721665
23	33	0.770351
23	34	0.813407
23	35	0.850756
23	36	0.882527
23	37	0.908989
23	38	0.930652
23	39	0.947991
23	40	0.961652
23	41	0.972212
23	42	0.980218
23	43	0.98617
23	44	0.990519
23	45	0.993615
23	46	0.995789
23	47	0.997277
23	48	0.998276
23	49	0.998932
23	50	0.999361
23	51	0.999624
23	52	0.999787
23	53	0.999882
23	54	0.999937
23	55	0.999968
23	56	0.999984
23	57	0.999992
23	58	0.999996
23	59	0.999999
23	60	1
23	61	1
23	62	1
23	63	1
23	64	1

24	3	1e-08
24	4	2e-08
24	5	1.5e-07
24	6	5.2e-07
24	7	2.25e-06
24	8	6.78e-06
24	9	1.931e-05
24	10	5.377e-05
24	11	0.00013884
24	12	0.00032783
24	13	0.00072422
24	14	0.00150548
24	15	0.00292381
24	16	0.0053636
24	17	0.00934948
24	18	0.0155067
24	19	0.02461
24	20	0.0374522
24	21	0.0547925
24	22	0.0773996
24	23	0.105813
24	24	0.140272
24	25	0.180837
24	26	0.2271
24	27	0.278385
24	28	0.333782
24	29	0.392132
24	30	0.452022
24	31	0.512142
24	32	0.571248
24	33	0.628028
24	34	0.68155
24	35	0.73094
24	36	0.775733
24	37	0.815575
24	38	0.850382
24	39	0.880297
24	40	0.905532
24	41	0.926478
24	42	0.943601
24	43	0.957331
24	44	0.968186
24	45	0.976628
24	46	0.983088
24	47	0.987944
24	48	0.991544
24	49	0.994157
24	50	0.996036
24	51	0.997359
24	52	0.998275
24	53	0.998894
24	54	0.999305
24	55	0.999573
24	56	0.999743
24	57	0.999849
24	58	0.999913
24	59	0.99995
24	60	0.999974
24	61	0.999986
24	62	0.999993
24	63	0.999997
24	64	0.999999
24	65	1
24	66	1
24	67	1
24	68	1

25	5	8e-08
25	6	1.7e-07
25	7	5.3e-07
25	8	2e-06
25	9	5.95e-06
25	10	1.673e-05
25	11	4.402e-05
25	12	0.00010785
25	13	0.00024492
25	14	0.00053079
25	15	0.00107529
25	16	0.00206025
25	17	0.00375632
25	18	0.00652664
25	19	0.0108313
25	20	0.0172526
25	21	0.0264164
25	22	0.0390192
25	23	0.0557224
25	24	0.0771558
25	25	0.103717
25	26	0.13569
25	27	0.173099
25	28	0.215744
25	29	0.263078
25	30	0.314367
25	31	0.368636
25	32	0.424812
25	33	0.481837
25	34	0.538518
25	35	0.59373
25	36	0.646554
25	37	0.696168
25	38	0.741997
25	39	0.783529
25	40	0.820599
25	41	0.853157
25	42	0.8813
25	43	0.905277
25	44	0.925353
25	45	0.941918
25	46	0.955398
25	47	0.966209
25	48	0.974746
25	49	0.981371
25	50	0.986461
25	51	0.990299
25	52	0.99315
25	53	0.995239
25	54	0.996741
25	55	0.997809
25	56	0.998551
25	57	0.999061
25	58	0.999399
25	59	0.999623
25	60	0.99977
25	61	0.99986
25	62	0.999918
25	63	0.999954
25	64	0.999974
25	65	0.999986
25	66	0.999993
25	67	0.999996
25	68	0.999998
25	69	0.999999
25	70	1
25	71	1
25	72	1
25	73	1
25	74	1

26	4	2e-08
26	5	4e-08
26	6	9e-08
26	7	2.5e-07
26	8	7.3e-07
26	9	1.75e-06
26	10	5.21e-06
26	11	1.319e-05
26	12	3.236e-05
26	13	7.533e-05
26	14	0.0001685
26	15	0.00035562
26	16	0.00071675
26	17	0.00135927
26	18	0.00247063
26	19	0.00428985
26	20	0.00715535
26	21	0.011456
26	22	0.0176779
26	23	0.0264001
26	24	0.0381667
26	25	0.0535216
26	26	0.0730058
26	27	0.0969932
26	28	0.125752
26	29	0.159402
26	30	0.197722
26	31	0.240487
26	32	0.287049
26	33	0.336745
26	34	0.388723
26	35	0.442063
26	36	0.495779
26	37	0.548946
26	38	0.600613
26	39	0.650094
26	40	0.69668
26	41	0.739842
26	42	0.779285
26	43	0.814742
26	44	0.846206
26	45	0.873718
26	46	0.897418
26	47	0.917607
26	48	0.934562
26	49	0.948634
26	50	0.960129
26	51	0.96941
26	52	0.976802
26	53	0.982614
26	54	0.987127
26	55	0.990582
26	56	0.993199
26	57	0.995147
26	58	0.996586
26	59	0.997633
26	60	0.998382
26	61	0.998908
26	62	0.999274
26	63	0.999527
26	64	0.999697
26	65	0.99981
26	66	0.999882
26	67	0.999928
26	68	0.999958
26	69	0.999975
26	70	0.999986
26	71	0.999992
26	72	0.999996
26	73	0.999998
26	74	0.999999
26	75	0.999999
26	76	1
26	77	1
26	78	1
26	79	1
26	80	1

27	6	1e-08
27	7	7e-08
27	8	2.1e-07
27	9	5.5e-07
27	10	1.56e-06
27	11	3.82e-06
27	12	9.49e-06
27	13	2.294e-05
27	14	5.221e-05
27	15	0.00011619
27	16	0.00024225
27	17	0.00047977
27	18	0.00090746
27	19	0.00163972
27	20	0.00285759
27	21	0.00477267
27	22	0.00768329
27	23	0.0119364
27	24	0.0179726
27	25	0.0262305
27	26	0.0372306
27	27	0.0514204
27	28	0.0692303
27	29	0.0910611
27	30	0.117151
27	31	0.147606
27	32	0.182366
27	33	0.221228
27	34	0.263804
27	35	0.309545
27	36	0.357783
27	37	0.407784
27	38	0.458681
27	39	0.509674
27	40	0.560016
27	41	0.608842
27	42	0.655587
27	43	0.699651
27	44	0.740602
27	45	0.778178
27	46	0.812174
27	47	0.842542
27	48	0.869316
27	49	0.892647
27	50	0.912714
27	51	0.929729
27	52	0.944005
27	53	0.955853
27	54	0.965561
27	55	0.973422
27	56	0.979718
27	57	0.984684
27	58	0.988563
27	59	0.99156
27	60	0.993857
27	61	0.995573
27	62	0.996852
27	63	0.997788
27	64	0.998467
27	65	0.998949
27	66	0.99929
27	67	0.999527
27	68	0.99969
27	69	0.999801
27	70	0.999874
27	71	0.999922
27	72	0.999952
27	73	0.999971
27	74	0.999983
27	75	0.999991
27	76	0.999995
27	77	0.999997
27	78	0.999998
27	79	0.999999
27	80	1
27	81	1
27	82	1
27	83	1
27	84	1

28	6	2e-08
28	7	2e-08
28	8	5e-08
28	9	1.4e-07
28	10	3.6e-07
28	11	9.3e-07
28	12	2.32e-06
28	13	6.36e-06
28	14	1.562e-05
28	15	3.453e-05
28	16	7.495e-05
28	17	0.00015371
28	18	0.00030182
28	19	0.00057031
28	20	0.00102811
28	21	0.00179424
28	22	0.00301197
28	23	0.00487854
28	24	0.00765419
28	25	0.0116214
28	26	0.0171524
28	27	0.0246347
28	28	0.03446
28	29	0.0470509
28	30	0.0628003
28	31	0.0820383
28	32	0.105023
28	33	0.131896
28	34	0.162675
28	35	0.197238
28	36	0.235368
28	37	0.276672
28	38	0.320639
28	39	0.3667
28	40	0.414183
28	41	0.462427
28	42	0.510702
28	43	0.55831
28	44	0.604606
28	45	0.649082
28	46	0.691205
28	47	0.730654
28	48	0.767077
28	49	0.800337
28	50	0.830359
28	51	0.857148
28	52	0.88075
28	53	0.901375
28	54	0.919174
28	55	0.934355
28	56	0.947175
28	57	0.957875
28	58	0.966715
28	59	0.973956
28	60	0.979804
28	61	0.984496
28	62	0.988217
28	63	0.991143
28	64	0.993394
28	65	0.995131
28	66	0.996449
28	67	0.997437
28	68	0.998171
28	69	0.998707
28	70	0.999098
28	71	0.99938
28	72	0.999579
28	73	0.999717
28	74	0.999813
28	75	0.999879
28	76	0.999921
28	77	0.99995
28	78	0.999969
28	79	0.99998
28	80	0.999988
28	81	0.999993
28	82	0.999996
28	83	0.999998
28	84	0.999999
28	85	0.999999
28	86	1
28	87	1
28	88	1
28	89	1

29	8	1e-08
29	9	2e-08
29	10	8e-08
29	11	2.1e-07
29	12	5.9e-07
29	13	1.52e-06
29	14	4.38e-06
29	15	1.059e-05
29	16	2.337e-05
29	17	4.95e-05
29	18	0.00010036
29	19	0.00019611
29	20	0.00036685
29	21	0.00066345
29	22	0.00114798
29	23	0.00193162
29	24	0.00314058
29	25	0.00495324
29	26	0.0075846
29	27	0.0113022
29	28	0.0163812
29	29	0.0231743
29	30	0.0320293
29	31	0.0433006
29	32	0.0573222
29	33	0.0743941
29	34	0.0947867
29	35	0.118625
29	36	0.146032
29	37	0.176943
29	38	0.211253
29	39	0.248669
29	40	0.288816
29	41	0.33129
29	42	0.375524
29	43	0.420934
29	44	0.466947
29	45	0.512952
29	46	0.558368
29	47	0.602596
29	48	0.645171
29	49	0.685681
29	50	0.723771
29	51	0.7592
29	52	0.791743
29	53	0.821375
29	54	0.848048
29	55	0.871787
29	56	0.892676
29	57	0.910928
29	58	0.926671
29	59	0.940156
29	60	0.951554
29	61	0.961143
29	62	0.969084
29	63	0.97562
29	64	0.980945
29	65	0.985228
29	66	0.988657
29	67	0.991367
29	68	0.993496
29	69	0.995149
29	70	0.996417
29	71	0.997369
29	72	0.998095
29	73	0.998631
29	74	0.99903
29	75	0.999321
29	76	0.999528
29	77	0.999677
29	78	0.999781
29	79	0.999854
29	80	0.999904
29	81	0.999937
29	82	0.999959
29	83	0.999974
29	84	0.999984
29	85	0.99999
29	86	0.999994
29	87	0.999997
29	88	0.999998
29	89	0.999999
29	90	0.999999
29	91	1
29	92	1
29	93	1
29	94	1
29	95	1
29	96	1
29	97	1

30	10	3e-08
30	11	6e-08
30	12	8e-08
30	13	3.3e-07
30	14	1.12e-06
30	15	2.92e-06
30	16	6.53e-06
30	17	1.391e-05
30	18	2.984e-05
30	19	6.045e-05
30	20	0.00011869
30	21	0.00022043
30	22	0.00039576
30	23	0.0006903
30	24	0.00116942
30	25	0.00191438
30	26	0.00304281
30	27	0.00469597
30	28	0.00705778
30	29	0.0103454
30	30	0.0148244
30	31	0.020757
30	32	0.0284388
30	33	0.0381616
30	34	0.050254
30	35	0.0649672
30	36	0.0825673
30	37	0.103201
30	38	0.127033
30	39	0.154033
30	40	0.184211
30	41	0.217405
30	42	0.253358
30	43	0.291728
30	44	0.332138
30	45	0.374163
30	46	0.417289
30	47	0.461016
30	48	0.50478
30	49	0.548064
30	50	0.590404
30	51	0.631379
30	52	0.670596
30	53	0.707697
30	54	0.742489
30	55	0.774796
30	56	0.804453
30	57	0.831476
30	58	0.855777
30	59	0.877513
30	60	0.896718
30	61	0.913581
30	62	0.928213
30	63	0.940829
30	64	0.951576
30	65	0.960676
30	66	0.968314
30	67	0.974649
30	68	0.979887
30	69	0.984173
30	70	0.987641
30	71	0.990419
30	72	0.992643
30	73	0.994392
30	74	0.995756
30	75	0.996824
30	76	0.997637
30	77	0.998261
30	78	0.99873
30	79	0.999083
30	80	0.999345
30	81	0.999537
30	82	0.999674
30	83	0.999774
30	84	0.999845
30	85	0.999894
30	86	0.99993
30	87	0.999953
30	88	0.999969
30	89	0.99998
30	90	0.999988
30	91	0.999992
30	92	0.999995
30	93	0.999997
30	94	0.999998
30	95	0.999999
30	96	0.999999
30	97	1
30	98	1
30	99	1
30	100	1
30	101	1
30	102	1

31	11	2e-08
31	12	3e-08
31	13	8e-08
31	14	2.2e-07
31	15	7e-07
31	16	1.83e-06
31	17	4.03e-06
31	18	8.98e-06
31	19	1.829e-05
31	20	3.685e-05
31	21	7.285e-05
31	22	0.00013616
31	23	0.00024633
31	24	0.00042836
31	25	0.00072139
31	26	0.0011839
31	27	0.0018887
31	28	0.00293663
31	29	0.00444263
31	30	0.00657953
31	31	0.0095232
31	32	0.0134762
31	33	0.0186718
31	34	0.0253632
31	35	0.0338236
31	36	0.0443075
31	37	0.0570795
31	38	0.0723363
31	39	0.090307
31	40	0.111115
31	41	0.134837
31	42	0.161488
31	43	0.190954
31	44	0.223134
31	45	0.257791
31	46	0.294671
31	47	0.333378
31	48	0.373489
31	49	0.414682
31	50	0.456426
31	51	0.498267
31	52	0.539791
31	53	0.580495
31	54	0.620085
31	55	0.65816
31	56	0.694405
31	57	0.728641
31	58	0.760603
31	59	0.79022
31	60	0.817405
31	61	0.84213
31	62	0.864433
31	63	0.884369
31	64	0.902055
31	65	0.917593
31	66	0.931138
31	67	0.942857
31	68	0.952931
31	69	0.96149
31	70	0.968717
31	71	0.974768
31	72	0.979796
31	73	0.983939
31	74	0.987322
31	75	0.990071
31	76	0.992281
31	77	0.994048
31	78	0.995445
31	79	0.996531
31	80	0.997385
31	81	0.998048
31	82	0.998551
31	83	0.998935
31	84	0.999224
31	85	0.99944
31	86	0.999599
31	87	0.999716
31	88	0.9998
31	89	0.999862
31	90	0.999905
31	91	0.999936
31	92	0.999957
31	93	0.999971
31	94	0.999981
31	95	0.999988
31	96	0.999993
31	97	0.999995
31	98	0.999997
31	99	0.999998
31	100	0.999999
31	101	0.999999
31	102	1
31	103	1
31	104	1
31	105	1
31	106	1
31	107	1

32	13	1e-08
32	14	7e-08
32	15	2.3e-07
32	16	6.1e-07
32	17	1.44e-06
32	18	2.83e-06
32	19	5.85e-06
32	20	1.155e-05
32	21	2.247e-05
32	22	4.297e-05
32	23	7.963e-05
32	24	0.00014329
32	25	0.00025099
32	26	0.00042439
32	27	0.00069715
32	28	0.0011157
32	29	0.00174342
32	30	0.00266876
32	31	0.00398856
32	32	0.00583367
32	33	0.00833997
32	34	0.0116826
32	35	0.01609
32	36	0.021735
32	37	0.0288638
32	38	0.0376761
32	39	0.0484259
32	40	0.06131
32	41	0.076555
32	42	0.0942625
32	43	0.114541
32	44	0.137495
32	45	0.163064
32	46	0.191225
32	47	0.221866
32	48	0.254758
32	49	0.289667
32	50	0.32629
32	51	0.364315
32	52	0.40335
32	53	0.443032
32	54	0.482951
32	55	0.52268
32	56	0.561833
32	57	0.600164
32	58	0.637295
32	59	0.672857
32	60	0.706699
32	61	0.738579
32	62	0.768435
32	63	0.7961
32	64	0.821542
32	65	0.844756
32	66	0.865764
32	67	0.884677
32	68	0.901535
32	69	0.91642
32	70	0.929513
32	71	0.940913
32	72	0.950785
32	73	0.959261
32	74	0.966495
32	75	0.97261
32	76	0.977755
32	77	0.982048
32	78	0.985609
32	79	0.988543
32	80	0.990934
32	81	0.992872
32	82	0.994435
32	83	0.995681
32	84	0.996673
32	85	0.997456
32	86	0.998069
32	87	0.998547
32	88	0.998913
32	89	0.999192
32	90	0.999406
32	91	0.999566
32	92	0.999685
32	93	0.999775
32	94	0.99984
32	95	0.999887
32	96	0.999921
32	97	0.999946
32	98	0.999963
32	99	0.999975
32	100	0.999984
32	101	0.999989
32	102	0.999993
32	103	0.999995
32	104	0.999997
32	105	0.999998
32	106	0.999999
32	107	0.999999
32	108	1
32	109	1
32	110	1
32	111	1
32	112	1
32	113	1
32	114	1
32	115	1

33	15	3e-08
33	16	9e-08
33	17	3.2e-07
33	18	6.9e-07
33	19	1.5e-06
33	20	3.41e-06
33	21	6.88e-06
33	22	1.411e-05
33	23	2.638e-05
33	24	4.778e-05
33	25	8.517e-05
33	26	0.00014815
33	27	0.00025148
33	28	0.00041647
33	29	0.00067061
33	30	0.00104979
33	31	0.00161874
33	32	0.00243403
33	33	0.00358756
33	34	0.00517532
33	35	0.00733188
33	36	0.010195
33	37	0.0139283
33	38	0.0187169
33	39	0.0247526
33	40	0.0322259
33	41	0.0413413
33	42	0.0522765
33	43	0.0652365
33	44	0.0803788
33	45	0.0978233
33	46	0.117662
33	47	0.139914
33	48	0.164579
33	49	0.191648
33	50	0.220945
33	51	0.252322
33	52	0.285613
33	53	0.320487
33	54	0.356693
33	55	0.393926
33	56	0.431797
33	57	0.470037
33	58	0.508257
33	59	0.546085
33	60	0.58322
33	61	0.619361
33	62	0.654208
33	63	0.687627
33	64	0.719365
33	65	0.7493
33	66	0.77728
33	67	0.803233
33	68	0.827131
33	69	0.848996
33	70	0.868848
33	71	0.886716
33	72	0.902718
33	73	0.916948
33	74	0.929506
33	75	0.940528
33	76	0.950109
33	77	0.958384
33	78	0.965501
33	79	0.971553
33	80	0.97668
33	81	0.980995
33	82	0.984611
33	83	0.987626
33	84	0.990104
33	85	0.992126
33	86	0.99378
33	87	0.99512
33	88	0.996197
33	89	0.997057
33	90	0.997737
33	91	0.99827
33	92	0.998686
33	93	0.999013
33	94	0.999263
33	95	0.999453
33	96	0.999597
33	97	0.999703
33	98	0.999785
33	99	0.999845
33	100	0.99989
33	101	0.999923
33	102	0.999947
33	103	0.999963
33	104	0.999974
33	105	0.999983
33	106	0.999988
33	107	0.999992
33	108	0.999995
33	109	0.999997
33	110	0.999998
33	111	0.999999
33	112	0.999999
33	113	1
33	114	1
33	115	1
33	116	1
33	117	1
33	118	1
33	119	1

34	15	1e-08
34	16	2e-08
34	17	1e-07
34	18	1.7e-07
34	19	3.3e-07
34	20	8.6e-07
34	21	1.79e-06
34	22	3.63e-06
34	23	7.36e-06
34	24	1.374e-05
34	25	2.643e-05
34	26	4.678e-05
34	27	8.163e-05
34	28	0.00014
34	29	0.00023351
34	30	0.00037785
34	31	0.00060034
34	32	0.00093172
34	33	0.00141316
34	34	0.00210497
34	35	0.00306826
34	36	0.00439693
34	37	0.00618348
34	38	0.00854707
34	39	0.0116266
34	40	0.0155693
34	41	0.0205212
34	42	0.0266689
34	43	0.0341949
34	44	0.0432604
34	45	0.0540217
34	46	0.0666364
34	47	0.0812307
34	48	0.0979488
34	49	0.116852
34	50	0.137969
34	51	0.161316
34	52	0.1868
34	53	0.214363
34	54	0.243868
34	55	0.275202
34	56	0.30804
34	57	0.342194
34	58	0.377401
34	59	0.413352
34	60	0.449806
34	61	0.486359
34	62	0.522735
34	63	0.558645
34	64	0.593869
34	65	0.628123
34	66	0.66118
34	67	0.692824
34	68	0.722891
34	69	0.751328
34	70	0.777947
34	71	0.802739
34	72	0.825661
34	73	0.84669
34	74	0.865879
34	75	0.883272
34	76	0.89893
34	77	0.912957
34	78	0.925428
34	79	0.936454
34	80	0.94611
34	81	0.954548
34	82	0.961875
34	83	0.968189
34	84	0.97359
34	85	0.978193
34	86	0.9821
34	87	0.985387
34	88	0.988129
34	89	0.990413
34	90	0.9923
34	91	0.993855
34	92	0.995118
34	93	0.996147
34	94	0.996978
34	95	0.99764
34	96	0.998169
34	97	0.99859
34	98	0.998921
34	99	0.999179
34	100	0.999381
34	101	0.999534
34	102	0.999653
34	103	0.999742
34	104	0.99981
34	105	0.999861
34	106	0.999899
34	107	0.999928
34	108	0.999948
34	109	0.999963
34	110	0.999974
34	111	0.999982
34	112	0.999988
34	113	0.999992
34	114	0.999994
34	115	0.999996
34	116	0.999997
34	117	0.999998
34	118	0.999999
34	119	0.999999
34	120	1
34	121	1
34	122	1
34	123	1
34	124	1
34	125	1
34	126	1
34	127	1
34	128	1

35	17	2e-08
35	18	3e-08
35	19	1.1e-07
35	20	2.6e-07
35	21	4.8e-07
35	22	1.13e-06
35	23	2.24e-06
35	24	4.37e-06
35	25	8.28e-06
35	26	1.512e-05
35	27	2.725e-05
35	28	4.727e-05
35	29	8.016e-05
35	30	0.00013366
35	31	0.00021867
35	32	0.00034735
35	33	0.00054246
35	34	0.00083005
35	35	0.00124328
35	36	0.00182078
35	37	0.00263593
35	38	0.00374733
35	39	0.00523498
35	40	0.00719371
35	41	0.00974411
35	42	0.012991
35	43	0.0170823
35	44	0.0221599
35	45	0.0283726
35	46	0.035875
35	47	0.0448228
35	48	0.0553634
35	49	0.0676561
35	50	0.0817585
35	51	0.0978165
35	52	0.11588
35	53	0.136001
35	54	0.158145
35	55	0.18229
35	56	0.208401
35	57	0.236307
35	58	0.265857
35	59	0.296963
35	60	0.32934
35	61	0.362793
35	62	0.397063
35	63	0.431879
35	64	0.466968
35	65	0.502053
35	66	0.536853
35	67	0.571197
35	68	0.604759
35	69	0.637349
35	70	0.668778
35	71	0.698911
35	72	0.727577
35	73	0.754652
35	74	0.780105
35	75	0.803835
35	76	0.825834
35	77	0.846117
35	78	0.864669
35	79	0.881582
35	80	0.896876
35	81	0.910628
35	82	0.922912
35	83	0.933817
35	84	0.943485
35	85	0.951969
35	86	0.959368
35	87	0.965805
35	88	0.97138
35	89	0.976161
35	90	0.980232
35	91	0.983694
35	92	0.986616
35	93	0.989067
35	94	0.991122
35	95	0.99283
35	96	0.994239
35	97	0.995399
35	98	0.996339
35	99	0.997108
35	100	0.997727
35	101	0.998221
35	102	0.998618
35	103	0.998931
35	104	0.99918
35	105	0.999374
35	106	0.999525
35	107	0.999641
35	108	0.999731
35	109	0.9998
35	110	0.999852
35	111	0.999892
35	112	0.99992
35	113	0.999942
35	114	0.999958
35	115	0.99997
35	116	0.999979
35	117	0.999986
35	118	0.99999
35	119	0.999993
35	120	0.999995
35	121	0.999997
35	122	0.999998
35	123	0.999999
35	124	0.999999
35	125	1
35	126	1
35	127	1
35	128	1
35	129	1
35	130	1
35	131	1
35	132	1
35	133	1
35	134	1
35	135	1
35	136	1
35	137	1

36	20	3e-08
36	21	1.5e-07
36	22	3.5e-07
36	23	6.5e-07
36	24	1.29e-06
36	25	2.52e-06
36	26	4.68e-06
36	27	7.99e-06
36	28	1.443e-05
36	29	2.517e-05
36	30	4.286e-05
36	31	7.273e-05
36	32	0.00011923
36	33	0.00019159
36	34	0.00030113
36	35	0.00046329
36	36	0.00070173
36	37	0.00104303
36	38	0.00151863
36	39	0.00217912
36	40	0.00307
36	41	0.00425735
36	42	0.00583
36	43	0.0078626
36	44	0.0104692
36	45	0.0137343
36	46	0.0178079
36	47	0.0228222
36	48	0.0288742
36	49	0.0361253
36	50	0.0447083
36	51	0.0547517
36	52	0.0663674
36	53	0.079691
36	54	0.0947549
36	55	0.111647
36	56	0.130415
36	57	0.151065
36	58	0.173583
36	59	0.197915
36	60	0.223948
36	61	0.251576
36	62	0.280664
36	63	0.311045
36	64	0.342525
36	65	0.374883
36	66	0.407895
36	67	0.441351
36	68	0.474992
36	69	0.508584
36	70	0.541876
36	71	0.574707
36	72	0.606805
36	73	0.638027
36	74	0.668157
36	75	0.697081
36	76	0.724656
36	77	0.750835
36	78	0.775468
36	79	0.798562
36	80	0.820048
36	81	0.839966
36	82	0.858281
36	83	0.875081
36	84	0.890366
36	85	0.904206
36	86	0.916643
36	87	0.927817
36	88	0.937771
36	89	0.946583
36	90	0.954348
36	91	0.961152
36	92	0.967087
36	93	0.972236
36	94	0.976694
36	95	0.980532
36	96	0.983805
36	97	0.986596
36	98	0.988955
36	99	0.990945
36	100	0.99261
36	101	0.994001
36	102	0.995151
36	103	0.996095
36	104	0.996871
36	105	0.997509
36	106	0.998024
36	107	0.998442
36	108	0.998779
36	109	0.999049
36	110	0.999262
36	111	0.99943
36	112	0.999562
36	113	0.999665
36	114	0.999745
36	115	0.999807
36	116	0.999855
36	117	0.999891
36	118	0.999919
36	119	0.999941
36	120	0.999956
36	121	0.999968
36	122	0.999976
36	123	0.999983
36	124	0.999988
36	125	0.999991
36	126	0.999994
36	127	0.999995
36	128	0.999997
36	129	0.999998
36	130	0.999999
36	131	0.999999
36	132	0.999999
36	133	1
36	134	1
36	135	1
36	136	1
36	137	1
36	138	1
36	139	1
36	140	1
36	141	1
36	142	1
36	143	1

37	20	2e-08
37	21	6e-08
37	22	1.1e-07
37	23	2.1e-07
37	24	4.1e-07
37	25	7e-07
37	26	1.42e-06
37	27	2.71e-06
37	28	4.75e-06
37	29	8.36e-06
37	30	1.431e-05
37	31	2.407e-05
37	32	3.967e-05
37	33	6.542e-05
37	34	0.00010524
37	35	0.00016832
37	36	0.00026173
37	37	0.00039814
37	38	0.00059525
37	39	0.00087335
37	40	0.00126131
37	41	0.00179779
37	42	0.00252259
37	43	0.00348763
37	44	0.00475223
37	45	0.00638595
37	46	0.00848412
37	47	0.0111249
37	48	0.0144169
37	49	0.0184505
37	50	0.0233616
37	51	0.0292732
37	52	0.0362807
37	53	0.044513
37	54	0.0540902
37	55	0.06512
37	56	0.0776927
37	57	0.0918924
37	58	0.107765
37	59	0.125367
37	60	0.144699
37	61	0.165756
37	62	0.188525
37	63	0.212941
37	64	0.238829
37	65	0.266155
37	66	0.294789
37	67	0.324531
37	68	0.355194
37	69	0.386619
37	70	0.418606
37	71	0.450874
37	72	0.483275
37	73	0.515578
37	74	0.547567
37	75	0.579104
37	76	0.609921
37	77	0.639884
37	78	0.668898
37	79	0.696772
37	80	0.723387
37	81	0.748704
37	82	0.772618
37	83	0.795087
37	84	0.816088
37	85	0.835591
37	86	0.85363
37	87	0.870227
37	88	0.885413
37	89	0.899256
37	90	0.911786
37	91	0.923086
37	92	0.93321
37	93	0.942232
37	94	0.950249
37	95	0.957333
37	96	0.963548
37	97	0.968992
37	98	0.973739
37	99	0.977856
37	100	0.981405
37	101	0.984443
37	102	0.987053
37	103	0.989269
37	104	0.991151
37	105	0.992728
37	106	0.994044
37	107	0.995154
37	108	0.996075
37	109	0.996834
37	110	0.997456
37	111	0.997966
37	112	0.998381
37	113	0.998719
37	114	0.998991
37	115	0.999209
37	116	0.999382
37	117	0.99952
37	118	0.999629
37	119	0.999715
37	120	0.999782
37	121	0.999834
37	122	0.999875
37	123	0.999907
37	124	0.999931
37	125	0.999948
37	126	0.999962
37	127	0.999972
37	128	0.99998
37	129	0.999986
37	130	0.999989
37	131	0.999993
37	132	0.999995
37	133	0.999996
37	134	0.999997
37	135	0.999998
37	136	0.999999
37	137	0.999999
37	138	0.999999
37	139	1
37	140	1
37	141	1
37	142	1
37	143	1
37	144	1
37	145	1
37	146	1
37	147	1
37	148	1
37	149	1

38	23	1e-08
38	24	8e-08
38	25	1.9e-07
38	26	2.6e-07
38	27	6.3e-07
38	28	1.13e-06
38	29	2.3e-06
38	30	3.93e-06
38	31	7.18e-06
38	32	1.247e-05
38	33	2.157e-05
38	34	3.521e-05
38	35	5.648e-05
38	36	9.039e-05
38	37	0.00014072
38	38	0.00021512
38	39	0.00032343
38	40	0.00048092
38	41	0.00070055
38	42	0.00100719
38	43	0.00142704
38	44	0.00199613
38	45	0.0027474
38	46	0.00373021
38	47	0.00500442
38	48	0.0066394
38	49	0.00870783
38	50	0.0112745
38	51	0.0144542
38	52	0.0183312
38	53	0.0229949
38	54	0.0285689
38	55	0.0351592
38	56	0.0428591
38	57	0.0517851
38	58	0.0619948
38	59	0.0736226
38	60	0.0867283
38	61	0.101372
38	62	0.117579
38	63	0.135387
38	64	0.154789
38	65	0.175806
38	66	0.198335
38	67	0.222342
38	68	0.247715
38	69	0.274332
38	70	0.302117
38	71	0.330911
38	72	0.36052
38	73	0.390804
38	74	0.421539
38	75	0.452561
38	76	0.483685
38	77	0.514701
38	78	0.545473
38	79	0.575749
38	80	0.605429
38	81	0.634349
38	82	0.662406
38	83	0.689448
38	84	0.715363
38	85	0.740056
38	86	0.763494
38	87	0.785623
38	88	0.806411
38	89	0.82583
38	90	0.843896
38	91	0.860615
38	92	0.87602
38	93	0.890122
38	94	0.902993
38	95	0.91469
38	96	0.925253
38	97	0.934763
38	98	0.943288
38	99	0.950875
38	100	0.957615
38	101	0.963561
38	102	0.968789
38	103	0.973375
38	104	0.977388
38	105	0.980862
38	106	0.983864
38	107	0.986454
38	108	0.988672
38	109	0.990568
38	110	0.992181
38	111	0.993545
38	112	0.994682
38	113	0.995641
38	114	0.996448
38	115	0.99711
38	116	0.997659
38	117	0.998116
38	118	0.998488
38	119	0.998791
38	120	0.999038
38	121	0.999239
38	122	0.9994
38	123	0.999529
38	124	0.999632
38	125	0.999714
38	126	0.999779
38	127	0.99983
38	128	0.999869
38	129	0.9999
38	130	0.999924
38	131	0.999943
38	132	0.999957
38	133	0.999968
38	134	0.999976
38	135	0.999982
38	136	0.999987
38	137	0.999991
38	138	0.999993
38	139	0.999995
38	140	0.999997
38	141	0.999998
38	142	0.999998
38	143	0.999999
38	144	0.999999
38	145	1
38	146	1
38	147	1
38	148	1
38	149	1
38	150	1
38	151	1
38	152	1

39	23	1e-08
39	24	5e-08
39	25	6e-08
39	26	7e-08
39	27	1.4e-07
39	28	3.5e-07
39	29	5.7e-07
39	30	1.05e-06
39	31	2.02e-06
39	32	3.81e-06
39	33	6.81e-06
39	34	1.144e-05
39	35	1.901e-05
39	36	3.084e-05
39	37	4.864e-05
39	38	7.627e-05
39	39	0.00011764
39	40	0.00017748
39	41	0.0002652
39	42	0.00038924
39	43	0.00056361
39	44	0.00080675
39	45	0.00113946
39	46	0.00158303
39	47	0.00217569
39	48	0.00295631
39	49	0.00396362
39	50	0.00524675
39	51	0.00686548
39	52	0.00888875
39	53	0.0113974
39	54	0.0144724
39	55	0.018175
39	56	0.022614
39	57	0.0278877
39	58	0.0340883
39	59	0.0412996
39	60	0.0496175
39	61	0.059117
39	62	0.0699328
39	63	0.0820741
39	64	0.0956188
39	65	0.110613
39	66	0.127078
39	67	0.145042
39	68	0.16451
39	69	0.1854
39	70	0.207696
39	71	0.231312
39	72	0.256208
39	73	0.282242
39	74	0.309301
39	75	0.337229
39	76	0.365895
39	77	0.395156
39	78	0.424808
39	79	0.45473
39	80	0.484755
39	81	0.514668
39	82	0.544342
39	83	0.57363
39	84	0.602385
39	85	0.630411
39	86	0.657601
39	87	0.683885
39	88	0.709142
39	89	0.73331
39	90	0.756332
39	91	0.778126
39	92	0.798685
39	93	0.81796
39	94	0.83599
39	95	0.852742
39	96	0.868239
39	97	0.882529
39	98	0.895649
39	99	0.907614
39	100	0.918498
39	101	0.928376
39	102	0.93727
39	103	0.945264
39	104	0.952421
39	105	0.958776
39	106	0.964415
39	107	0.969394
39	108	0.973761
39	109	0.977598
39	110	0.980945
39	111	0.983847
39	112	0.986357
39	113	0.988523
39	114	0.990381
39	115	0.991966
39	116	0.993316
39	117	0.994464
39	118	0.99543
39	119	0.996245
39	120	0.996921
39	121	0.997487
39	122	0.997955
39	123	0.998347
39	124	0.998667
39	125	0.998928
39	126	0.999142
39	127	0.999317
39	128	0.999459
39	129	0.999571
39	130	0.999662
39	131	0.999735
39	132	0.999794
39	133	0.999841
39	134	0.999876
39	135	0.999906
39	136	0.999928
39	137	0.999945
39	138	0.999958
39	139	0.999969
39	140	0.999977
39	141	0.999983
39	142	0.999987
39	143	0.999991
39	144	0.999993
39	145	0.999995
39	146	0.999996
39	147	0.999997
39	148	0.999998
39	149	0.999999
39	150	0.999999
39	151	0.999999
39	152	0.999999
39	153	1
39	154	1
39	155	1
39	156	1
39	157	1
39	158	1
39	159	1
39	160	1
39	161	1
39	162	1
39	163	1
39	164	1

