n	value	freq	max_freq	sample


3	0	33331103	33331103	33331103

4	0	15382624	46157300	92310009
4	1	30770085	46157300	92310009
4	2	46157300	46157300	92310009

5	0	8453993	49295022	80282440
5	1	22533425	49295022	80282440
5	2	49295022	49295022	80282440

6	0	2603821	36230946	99783699
6	1	9973609	36230946	99783699
6	2	36230946	36230946	99783699
6	3	30805853	36230946	99783699
6	4	14741028	36230946	99783699
6	5	5428442	36230946	99783699

7	0	1421288	30407661	97272877
7	1	5571287	30407661	97272877
7	2	22396312	30407661	97272877
7	3	30407661	30407661	97272877
7	4	23961897	30407661	97272877
7	5	13514432	30407661	97272877

8	0	426275	25541241	99996481
8	1	2128635	25541241	99996481
8	2	10764321	25541241	99996481
8	3	20460786	25541241	99996481
8	4	25541241	25541241	99996481
8	5	22163041	25541241	99996481
8	6	11685391	25541241	99996481
8	7	5038641	25541241	99996481
8	8	1502719	25541241	99996481
8	9	285431	25541241	99996481

9	0	210018	23357229	99679160
9	1	1031560	23357229	99679160
9	2	5166747	23357229	99679160
9	3	12624143	23357229	99679160
9	4	20482390	23357229	99679160
9	5	23357229	23357229	99679160
9	6	18461909	23357229	99679160
9	7	10932112	23357229	99679160
9	8	5579130	23357229	99679160
9	9	1833922	23357229	99679160

10	0	58363	19787188	99999967
10	1	349626	19787188	99999967
10	2	1976092	19787188	99999967
10	3	6007181	19787188	99999967
10	4	12432733	19787188	99999967
10	5	18388961	19787188	99999967
10	6	19787188	19787188	99999967
10	7	16609907	19787188	99999967
10	8	12046084	19787188	99999967
10	9	7106520	19787188	99999967
10	10	3346303	19787188	99999967
10	11	1329024	19787188	99999967
10	12	456846	19787188	99999967
10	13	94854	19787188	99999967
10	14	10285	19787188	99999967

11	0	26662	17598188	99964827
11	1	153941	17598188	99964827
11	2	821697	17598188	99964827
11	3	2842459	17598188	99964827
11	4	6923638	17598188	99964827
11	5	12324585	17598188	99964827
11	6	16489089	17598188	99964827
11	7	17598188	17598188	99964827
11	8	15894090	17598188	99964827
11	9	12039613	17598188	99964827
11	10	7662395	17598188	99964827
11	11	4168927	17598188	99964827
11	12	2006658	17598188	99964827
11	13	798176	17598188	99964827
11	14	214709	17598188	99964827

12	0	7040	15661202	99999731
12	1	46956	15661202	99999731
12	2	271054	15661202	99999731
12	3	1080112	15661202	99999731
12	4	3101398	15661202	99999731
12	5	6606168	15661202	99999731
12	6	10756877	15661202	99999731
12	7	14094145	15661202	99999731
12	8	15661202	15661202	99999731
12	9	14882877	15661202	99999731
12	10	12230774	15661202	99999731
12	11	8834850	15661202	99999731
12	12	5830658	15661202	99999731
12	13	3474902	15661202	99999731
12	14	1816540	15661202	99999731
12	15	830433	15661202	99999731
12	16	331331	15661202	99999731
12	17	108682	15661202	99999731
12	18	29178	15661202	99999731
12	19	4554	15661202	99999731

13	0	2900	14166452	99996306
13	1	19111	14166452	99996306
13	2	104443	14166452	99996306
13	3	433934	14166452	99996306
13	4	1371837	14166452	99996306
13	5	3315705	14166452	99996306
13	6	6268065	14166452	99996306
13	7	9641731	14166452	99996306
13	8	12602364	14166452	99996306
13	9	14166452	14166452	99996306
13	10	13913386	14166452	99996306
13	11	12114304	14166452	99996306
13	12	9570365	14166452	99996306
13	13	6896895	14166452	99996306
13	14	4488812	14166452	99996306
13	15	2631908	14166452	99996306
13	16	1393694	14166452	99996306
13	17	662615	14166452	99996306
13	18	278871	14166452	99996306
13	19	95014	14166452	99996306
13	20	23900	14166452	99996306

14	0	722	12689498	99999989
14	1	5360	12689498	99999989
14	2	31203	12689498	99999989
14	3	141463	12689498	99999989
14	4	503442	12689498	99999989
14	5	1382275	12689498	99999989
14	6	3005702	12689498	99999989
14	7	5363651	12689498	99999989
14	8	8144374	12689498	99999989
14	9	10695198	12689498	99999989
14	10	12339467	12689498	99999989
14	11	12689498	12689498	99999989
14	12	11877006	12689498	99999989
14	13	10224933	12689498	99999989
14	14	8102848	12689498	99999989
14	15	5912057	12689498	99999989
14	16	4005857	12689498	99999989
14	17	2538949	12689498	99999989
14	18	1508225	12689498	99999989
14	19	823825	12689498	99999989
14	20	411664	12689498	99999989
14	21	184151	12689498	99999989
14	22	73897	12689498	99999989
14	23	25586	12689498	99999989
14	24	7035	12689498	99999989
14	25	1418	12689498	99999989
14	26	183	12689498	99999989

15	0	281	11637549	99999634
15	1	2077	11637549	99999634
15	2	11318	11637549	99999634
15	3	51873	11637549	99999634
15	4	191257	11637549	99999634
15	5	571067	11637549	99999634
15	6	1375689	11637549	99999634
15	7	2755120	11637549	99999634
15	8	4723883	11637549	99999634
15	9	7035752	11637549	99999634
15	10	9246707	11637549	99999634
15	11	10876778	11637549	99999634
15	12	11637549	11637549	99999634
15	13	11456911	11637549	99999634
15	14	10425648	11637549	99999634
15	15	8789285	11637549	99999634
15	16	6914350	11637549	99999634
15	17	5106157	11637549	99999634
15	18	3553216	11637549	99999634
15	19	2313351	11637549	99999634
15	20	1412525	11637549	99999634
15	21	796305	11637549	99999634
15	22	416960	11637549	99999634
15	23	201508	11637549	99999634
15	24	87410	11637549	99999634
15	25	33457	11637549	99999634
15	26	10623	11637549	99999634
15	27	2577	11637549	99999634

16	0	85	10631021	99999995
16	1	521	10631021	99999995
16	2	3153	10631021	99999995
16	3	15044	10631021	99999995
16	4	60910	10631021	99999995
16	5	198159	10631021	99999995
16	6	531119	10631021	99999995
16	7	1194181	10631021	99999995
16	8	2292375	10631021	99999995
16	9	3848167	10631021	99999995
16	10	5716174	10631021	99999995
16	11	7607619	10631021	99999995
16	12	9216785	10631021	99999995
16	13	10276148	10631021	99999995
16	14	10631021	10631021	99999995
16	15	10232181	10631021	99999995
16	16	9242272	10631021	99999995
16	17	7873069	10631021	99999995
16	18	6354450	10631021	99999995
16	19	4874115	10631021	99999995
16	20	3539640	10631021	99999995
16	21	2443148	10631021	99999995
16	22	1603241	10631021	99999995
16	23	1001579	10631021	99999995
16	24	592660	10631021	99999995
16	25	331986	10631021	99999995
16	26	174412	10631021	99999995
16	27	84766	10631021	99999995
16	28	38245	10631021	99999995
16	29	15194	10631021	99999995
16	30	5462	10631021	99999995
16	31	1655	10631021	99999995
16	32	395	10631021	99999995
16	33	64	10631021	99999995

17	0	17	9790349	99999964
17	1	170	9790349	99999964
17	2	1103	9790349	99999964
17	3	5118	9790349	99999964
17	4	20944	9790349	99999964
17	5	71178	9790349	99999964
17	6	204920	9790349	99999964
17	7	499639	9790349	99999964
17	8	1054360	9790349	99999964
17	9	1951224	9790349	99999964
17	10	3204101	9790349	99999964
17	11	4729637	9790349	99999964
17	12	6363899	9790349	99999964
17	13	7888102	9790349	99999964
17	14	9066278	9790349	99999964
17	15	9727956	9790349	99999964
17	16	9790349	9790349	99999964
17	17	9303801	9790349	99999964
17	18	8389964	9790349	99999964
17	19	7195855	9790349	99999964
17	20	5879957	9790349	99999964
17	21	4581787	9790349	99999964
17	22	3409688	9790349	99999964
17	23	2428198	9790349	99999964
17	24	1658033	9790349	99999964
17	25	1078915	9790349	99999964
17	26	670216	9790349	99999964
17	27	394706	9790349	99999964
17	28	218170	9790349	99999964
17	29	114999	9790349	99999964
17	30	55835	9790349	99999964
17	31	25303	9790349	99999964
17	32	10466	9790349	99999964
17	33	3659	9790349	99999964
17	34	1138	9790349	99999964
17	35	279	9790349	99999964

