size	value	prob

3	0	1

4	0	0.636351
4	1	1

5	0	0.333359
5	1	1

6	0	0.361301
6	1	1

7	0	0.181231
7	1	0.719743
7	2	1

8	0	0.153855
8	1	0.600525
8	2	0.964213
8	3	1

9	0	0.102668
9	1	0.522273
9	2	0.914241
9	3	1

10	0	0.0837814
10	1	0.442712
10	2	0.871732
10	3	1

11	0	0.0564072
11	1	0.363252
11	2	0.795847
11	3	0.977225
11	4	1

12	0	0.0444656
12	1	0.298763
12	2	0.729306
12	3	0.955698
12	4	0.997996
12	5	1

13	0	0.0305892
13	1	0.241423
13	2	0.652355
13	3	0.927041
13	4	0.994506
13	5	1

14	0	0.0236785
14	1	0.19613
14	2	0.581611
14	3	0.889767
14	4	0.988475
14	5	1

15	0	0.0164067
15	1	0.155144
15	2	0.507306
15	3	0.843635
15	4	0.97725
15	5	0.998778
15	6	1

16	0	0.0125337
16	1	0.124175
16	2	0.441595
16	3	0.792108
16	4	0.961511
16	5	0.996946
16	6	0.999928
16	7	1

17	0	0.00873028
17	1	0.0970034
17	2	0.376832
17	3	0.734137
17	4	0.939613
17	5	0.993607
17	6	0.999745
17	7	1

18	0	0.00661505
18	1	0.0768389
18	2	0.321835
18	3	0.674646
18	4	0.91193
18	5	0.987988
18	6	0.999313
18	7	1

19	0	0.00463547
19	1	0.0592845
19	2	0.269531
19	3	0.611607
19	4	0.877228
19	5	0.979247
19	6	0.998338
19	7	0.999949
19	8	1

20	0	0.00347597
20	1	0.0465429
20	2	0.226402
20	3	0.551035
20	4	0.83777
20	5	0.966935
20	6	0.996579
20	7	0.999843
20	8	0.999998
20	9	1

21	0	0.0024399
21	1	0.0356185
21	2	0.186798
21	3	0.489601
21	4	0.792007
21	5	0.950067
21	6	0.99352
21	7	0.999592
21	8	0.99999
21	9	1

22	0	0.00182036
22	1	0.027773
22	2	0.154768
22	3	0.433115
22	4	0.74352
22	5	0.928788
22	6	0.988779
22	7	0.999082
22	8	0.999966
22	9	1

23	0	0.00128812
23	1	0.021128
23	2	0.126079
23	3	0.378167
23	4	0.690661
23	5	0.902139
23	6	0.9817
23	7	0.998122
23	8	0.999905
23	9	0.999998
23	10	1

24	0	0.000958
24	1	0.016358
24	2	0.103209
24	3	0.329222
24	4	0.637379
24	5	0.871127
24	6	0.971894
24	7	0.996486
24	8	0.999771
24	9	0.999993
24	10	1

25	0	0.00067872
25	1	0.0123538
25	2	0.0831072
25	3	0.282923
25	4	0.582098
25	5	0.834941
25	6	0.958724
25	7	0.993847
25	8	0.999491
25	9	0.999979
25	10	1

26	0	0.00050141
26	1	0.0095174
26	2	0.0674325
26	3	0.242922
26	4	0.528707
26	5	0.795262
26	6	0.942038
26	7	0.989857
26	8	0.998974
26	9	0.999943
26	10	0.999999
26	11	1

27	0	0.00035549
27	1	0.00716306
27	2	0.053822
27	3	0.20592
27	4	0.475199
27	5	0.751384
27	6	0.921106
27	7	0.984091
27	8	0.998071
27	9	0.999869
27	10	0.999995
27	11	1

28	0	0.00026167
28	1	0.00549216
28	2	0.0432402
28	3	0.174564
28	4	0.42511
28	5	0.705741
28	6	0.89658
28	7	0.976269
28	8	0.996617
28	9	0.999718
28	10	0.999987
28	11	1

29	0	0.00018409
29	1	0.00412288
29	2	0.0342577
29	3	0.146243
29	4	0.376568
29	5	0.657401
29	6	0.867635
29	7	0.965789
29	8	0.994344
29	9	0.999434
29	10	0.999969
29	11	1

30	0	0.00013701
30	1	0.00314175
30	2	0.0273231
30	3	0.122584
30	4	0.332344
30	5	0.608879
30	6	0.835312
30	7	0.952587
30	8	0.991029
30	9	0.998932
30	10	0.999924
30	11	0.999997
30	12	1

31	0	9.764e-05
31	1	0.00236121
31	2	0.0215161
31	3	0.101661
31	4	0.290442
31	5	0.559092
31	6	0.798951
31	7	0.936004
31	8	0.986324
31	9	0.998128
31	10	0.999841
31	11	0.999992
31	12	1

32	0	7.105e-05
32	1	0.00179097
32	2	0.0170144
32	3	0.0843665
32	4	0.253214
32	5	0.510916
32	6	0.760304
32	7	0.916337
32	8	0.980002
32	9	0.996827
32	10	0.999684
32	11	0.999981
32	12	0.999999
32	13	1

33	0	5.052e-05
33	1	0.00133263
33	2	0.013314
33	3	0.0692717
33	4	0.218483
33	5	0.462842
33	6	0.718363
33	7	0.892949
33	8	0.971594
33	9	0.994927
33	10	0.999408
33	11	0.999958
33	12	0.999998
33	13	1

34	0	3.739e-05
34	1	0.00101378
34	2	0.0104821
34	3	0.0570142
34	4	0.188407
34	5	0.417683
34	6	0.67544
34	7	0.866619
34	8	0.961019
34	9	0.992155
34	10	0.998942
34	11	0.99991
34	12	0.999995
34	13	1

35	0	2.664e-05
35	1	0.00075112
35	2	0.00815002
35	3	0.0464043
35	4	0.160803
35	5	0.373645
35	6	0.630476
35	7	0.836513
35	8	0.94775
35	9	0.988325
35	10	0.998219
35	11	0.999824
35	12	0.99999
35	13	1

36	0	1.919e-05
36	1	0.00056919
36	2	0.00639418
36	3	0.0379391
36	4	0.13725
36	5	0.333226
36	6	0.585844
36	7	0.803963
36	8	0.931994
36	9	0.983203
36	10	0.99713
36	11	0.999674
36	12	0.999975
36	13	0.999999
36	14	1

37	0	1.388e-05
37	1	0.00042355
37	2	0.0049419
37	3	0.0306219
37	4	0.116033
37	5	0.294635
37	6	0.540251
37	7	0.768215
37	8	0.913024
37	9	0.976411
37	10	0.995501
37	11	0.999415
37	12	0.999949
37	13	0.999997
37	14	1

38	0	9.9e-06
38	1	0.00031794
38	2	0.00386136
38	3	0.0248466
38	4	0.0980842
38	5	0.259808
38	6	0.496111
38	7	0.730733
38	8	0.891358
38	9	0.967876
38	10	0.993206
38	11	0.999003
38	12	0.999901
38	13	0.999994
38	14	1
38	15	1

39	0	7.22e-06
39	1	0.00023505
39	2	0.00297111
39	3	0.0199661
39	4	0.082207
39	5	0.227298
39	6	0.452272
39	7	0.690823
39	8	0.866529
39	9	0.95724
39	10	0.990077
39	11	0.99837
39	12	0.999816
39	13	0.999986
39	14	0.999999
39	15	1
39	16	1

