n	value	freq	max_freq	sample


3	0	66668897	66668897	66668897

4	0	61542000	61542000	92307165
4	1	30765165	61542000	92307165

5	0	30980935	43666416	74647351
5	1	43666416	43666416	74647351

6	0	25157595	34712365	98913550
6	1	31669344	34712365	98913550
6	2	34712365	34712365	98913550
6	3	7374246	34712365	98913550

7	0	11262375	36440080	98145384
7	1	24834222	36440080	98145384
7	2	36440080	36440080	98145384
7	3	17716115	36440080	98145384
7	4	7892592	36440080	98145384

8	0	8336566	30032331	99944343
8	1	15717652	30032331	99944343
8	2	30032331	30032331	99944343
8	3	23685614	30032331	99944343
8	4	14893224	30032331	99944343
8	5	5594929	30032331	99944343
8	6	1381004	30032331	99944343
8	7	303023	30032331	99944343

9	0	3344627	23379281	99929704
9	1	9467382	23379281	99929704
9	2	21400540	23379281	99929704
9	3	23379281	23379281	99929704
9	4	20364576	23379281	99929704
9	5	12721758	23379281	99929704
9	6	5971093	23379281	99929704
9	7	2549474	23379281	99929704
9	8	730973	23379281	99929704

10	0	2340837	21019343	99992650
10	1	5469442	21019343	99992650
10	2	13802049	21019343	99992650
10	3	19555712	21019343	99992650
10	4	21019343	21019343	99992650
10	5	16769857	21019343	99992650
10	6	10753625	21019343	99992650
10	7	6130456	21019343	99992650
10	8	2896253	21019343	99992650
10	9	941381	21019343	99992650
10	10	264058	21019343	99992650
10	11	49637	21019343	99992650

11	0	851164	17947464	99994661
11	1	2768766	17947464	99994661
11	2	7832011	17947464	99994661
11	3	13490250	17947464	99994661
11	4	17756656	17947464	99994661
11	5	17947464	17947464	99994661
11	6	14909043	17947464	99994661
11	7	11061851	17947464	99994661
11	8	7085877	17947464	99994661
11	9	3632661	17947464	99994661
11	10	1684821	17947464	99994661
11	11	681860	17947464	99994661
11	12	237179	17947464	99994661
11	13	55058	17947464	99994661

12	0	574182	15837795	99999683
12	1	1529035	15837795	99999683
12	2	4367884	15837795	99999683
12	3	8724847	15837795	99999683
12	4	13324698	15837795	99999683
12	5	15837795	15837795	99999683
12	6	15717376	15837795	99999683
12	7	13766774	15837795	99999683
12	8	10736964	15837795	99999683
12	9	7081143	15837795	99999683
12	10	4256572	15837795	99999683
12	11	2300720	15837795	99999683
12	12	1118150	15837795	99999683
12	13	452741	15837795	99999683
12	14	151986	15837795	99999683
12	15	44579	15837795	99999683
12	16	11675	15837795	99999683
12	17	2562	15837795	99999683

13	0	191190	14262994	99999583
13	1	677953	14262994	99999583
13	2	2122936	14262994	99999583
13	3	4805135	14262994	99999583
13	4	8470340	14262994	99999583
13	5	11805922	14262994	99999583
13	6	13816418	14262994	99999583
13	7	14262994	14262994	99999583
13	8	13205799	14262994	99999583
13	9	10637832	14262994	99999583
13	10	7846845	14262994	99999583
13	11	5312647	14262994	99999583
13	12	3325357	14262994	99999583
13	13	1871620	14262994	99999583
13	14	940478	14262994	99999583
13	15	433018	14262994	99999583
13	16	183240	14262994	99999583
13	17	67093	14262994	99999583
13	18	19153	14262994	99999583
13	19	3613	14262994	99999583

14	0	126043	13064720	99999954
14	1	370882	13064720	99999954
14	2	1094767	13064720	99999954
14	3	2654633	13064720	99999954
14	4	5160492	13064720	99999954
14	5	8054828	13064720	99999954
14	6	10669641	13064720	99999954
14	7	12429475	13064720	99999954
14	8	13064720	13064720	99999954
14	9	12179874	13064720	99999954
14	10	10424838	13064720	99999954
14	11	8222840	13064720	99999954
14	12	6030058	13064720	99999954
14	13	4061567	13064720	99999954
14	14	2520723	13064720	99999954
14	15	1459816	13064720	99999954
14	16	793130	13064720	99999954
14	17	396499	13064720	99999954
14	18	179019	13064720	99999954
14	19	70469	13064720	99999954
14	20	25571	13064720	99999954
14	21	7699	13064720	99999954
14	22	2027	13064720	99999954
14	23	343	13064720	99999954

15	0	38974	11737616	99999969
15	1	147630	11737616	99999969
15	2	475447	11737616	99999969
15	3	1253068	11737616	99999969
15	4	2700441	11737616	99999969
15	5	4731130	11737616	99999969
15	6	7069433	11737616	99999969
15	7	9295765	11737616	99999969
15	8	11034878	11737616	99999969
15	9	11737616	11737616	99999969
15	10	11462096	11737616	99999969
15	11	10363882	11737616	99999969
15	12	8761932	11737616	99999969
15	13	6897022	11737616	99999969
15	14	5078644	11737616	99999969
15	15	3522531	11737616	99999969
15	16	2318046	11737616	99999969
15	17	1434461	11737616	99999969
15	18	831969	11737616	99999969
15	19	447219	11737616	99999969
15	20	224068	11737616	99999969
15	21	103373	11737616	99999969
15	22	45048	11737616	99999969
15	23	17607	11737616	99999969
15	24	5835	11737616	99999969
15	25	1548	11737616	99999969
15	26	306	11737616	99999969

16	0	25731	10684632	99999998
16	1	81610	10684632	99999998
16	2	238600	10684632	99999998
16	3	628478	10684632	99999998
16	4	1430355	10684632	99999998
16	5	2712454	10684632	99999998
16	6	4417912	10684632	99999998
16	7	6366283	10684632	99999998
16	8	8297894	10684632	99999998
16	9	9768530	10684632	99999998
16	10	10605448	10684632	99999998
16	11	10684632	10684632	99999998
16	12	10069575	10684632	99999998
16	13	8886224	10684632	99999998
16	14	7382578	10684632	99999998
16	15	5801937	10684632	99999998
16	16	4343663	10684632	99999998
16	17	3086998	10684632	99999998
16	18	2084669	10684632	99999998
16	19	1329496	10684632	99999998
16	20	805912	10684632	99999998
16	21	462559	10684632	99999998
16	22	252712	10684632	99999998
16	23	129823	10684632	99999998
16	24	61963	10684632	99999998
16	25	27361	10684632	99999998
16	26	10890	10684632	99999998
16	27	3979	10684632	99999998
16	28	1256	10684632	99999998
16	29	369	10684632	99999998
16	30	90	10684632	99999998
16	31	17	10684632	99999998

17	0	7239	9843375	99999997
17	1	29432	9843375	99999997
17	2	94177	9843375	99999997
17	3	265883	9843375	99999997
17	4	648293	9843375	99999997
17	5	1343478	9843375	99999997
17	6	2395160	9843375	99999997
17	7	3792719	9843375	99999997
17	8	5432256	9843375	99999997
17	9	7064452	9843375	99999997
17	10	8470148	9843375	99999997
17	11	9433525	9843375	99999997
17	12	9843375	9843375	99999997
17	13	9659212	9843375	99999997
17	14	8954559	9843375	99999997
17	15	7869946	9843375	99999997
17	16	6614121	9843375	99999997
17	17	5308697	9843375	99999997
17	18	4074002	9843375	99999997
17	19	2990112	9843375	99999997
17	20	2099820	9843375	99999997
17	21	1414229	9843375	99999997
17	22	915631	9843375	99999997
17	23	565859	9843375	99999997
17	24	335206	9843375	99999997
17	25	187090	9843375	99999997
17	26	99811	9843375	99999997
17	27	50301	9843375	99999997
17	28	24062	9843375	99999997
17	29	10686	9843375	99999997
17	30	4352	9843375	99999997
17	31	1521	9843375	99999997
17	32	485	9843375	99999997
17	33	135	9843375	99999997
17	34	23	9843375	99999997

